[
    {
        "file_path": "./data/r_9_7.png",
        "time": 0.2916666666666667,
        "c2w": [
            [
                0.8700352710140692,
                0.10518821359481381,
                -0.4816368620778594,
                -1.4449105862335783
            ],
            [
                0.0,
                0.9769718864492504,
                0.2133680695132077,
                0.6401042085396231
            ],
            [
                0.4929894797979721,
                -0.1856377461846724,
                0.85,
                2.55
            ]
        ],
        "intrinsic": [
            [
                965.6844046797067,
                0.0,
                400.0
            ],
            [
                0.0,
                965.6844046797067,
                400.0
            ],
            [
                0.0,
                0.0,
                1.0
            ]
        ]
    },
    {
        "file_path": "./data/r_9_4.png",
        "time": 0.16666666666666666,
        "c2w": [
            [
                0.8700352710140692,
                0.10518821359481381,
                -0.4816368620778594,
                -1.4449105862335783
            ],
            [
                0.0,
                0.9769718864492504,
                0.2133680695132077,
                0.6401042085396231
            ],
            [
                0.4929894797979721,
                -0.1856377461846724,
                0.85,
                2.55
            ]
        ],
        "intrinsic": [
            [
                965.6844046797067,
                0.0,
                400.0
            ],
            [
                0.0,
                965.6844046797067,
                400.0
            ],
            [
                0.0,
                0.0,
                1.0
            ]
        ]
    },
    {
        "file_path": "./data/r_6_8.png",
        "time": 0.3333333333333333,
        "c2w": [
            [
                0.1907277353404527,
                -0.6063014198834801,
                0.772024299629991,
                2.316072898889973
            ],
            [
                0.0,
                0.7864613908000685,
                0.6176394423778503,
                1.8529183271335508
            ],
            [
                -0.9816429753081831,
                -0.11780097210166741,
                0.1499999999999998,
                0.4499999999999994
            ]
        ],
        "intrinsic": [
            [
                965.6844046797067,
                0.0,
                400.0
            ],
            [
                0.0,
                965.6844046797067,
                400.0
            ],
            [
                0.0,
                0.0,
                1.0
            ]
        ]
    },
    {
        "file_path": "./data/r_8_11.png",
        "time": 0.4583333333333333,
        "c2w": [
            [
                0.9353170970835862,
                -0.25440984585477605,
                0.24588118723335145,
                0.7376435617000543
            ],
            [
                0.0,
                0.694951479051079,
                0.7190566332109855,
                2.1571698996329562
            ],
            [
                -0.35381058195471393,
                -0.6725459628135959,
                0.6499999999999999,
                1.9499999999999997
            ]
        ],
        "intrinsic": [
            [
                965.6844046797067,
                0.0,
                400.0
            ],
            [
                0.0,
                965.6844046797067,
                400.0
            ],
            [
                0.0,
                0.0,
                1.0
            ]
        ]
    },
    {
        "file_path": "./data/r_0_7.png",
        "time": 0.2916666666666667,
        "c2w": [
            [
                -0.992981366610987,
                0.03442002861263492,
                -0.11315152316112252,
                -0.33945456948336755
            ],
            [
                0.0,
                0.9567148306541933,
                0.2910270310578011,
                0.8730810931734032
            ],
            [
                0.11827089905541706,
                0.28898441902051347,
                -0.9499999999999998,
                -2.8499999999999996
            ]
        ],
        "intrinsic": [
            [
                965.6844046797067,
                0.0,
                400.0
            ],
            [
                0.0,
                965.6844046797067,
                400.0
            ],
            [
                0.0,
                0.0,
                1.0
            ]
        ]
    },
    {
        "file_path": "./data/r_6_4.png",
        "time": 0.16666666666666666,
        "c2w": [
            [
                0.1907277353404527,
                -0.6063014198834801,
                0.772024299629991,
                2.316072898889973
            ],
            [
                0.0,
                0.7864613908000685,
                0.6176394423778503,
                1.8529183271335508
            ],
            [
                -0.9816429753081831,
                -0.11780097210166741,
                0.1499999999999998,
                0.4499999999999994
            ]
        ],
        "intrinsic": [
            [
                965.6844046797067,
                0.0,
                400.0
            ],
            [
                0.0,
                965.6844046797067,
                400.0
            ],
            [
                0.0,
                0.0,
                1.0
            ]
        ]
    },
    {
        "file_path": "./data/r_1_3.png",
        "time": 0.125,
        "c2w": [
            [
                -0.8548465686055678,
                -0.33700778556180344,
                0.39454162849313595,
                1.1836248854794078
            ],
            [
                0.0,
                0.7603703680536318,
                0.6494897253890816,
                1.9484691761672446
            ],
            [
                -0.5188808573683232,
                0.5552140630934289,
                -0.6499999999999998,
                -1.9499999999999993
            ]
        ],
        "intrinsic": [
            [
                965.6844046797067,
                0.0,
                400.0
            ],
            [
                0.0,
                965.6844046797067,
                400.0
            ],
            [
                0.0,
                0.0,
                1.0
            ]
        ]
    },
    {
        "file_path": "./data/r_10_4.png",
        "time": 0.16666666666666666,
        "c2w": [
            [
                0.9547462537884557,
                -0.029619555902539226,
                0.2959430228693458,
                0.8878290686080375
            ],
            [
                0.0,
                0.995028779877771,
                0.0995877864748195,
                0.29876335942445853
            ],
            [
                -0.29742157096772553,
                -0.09508106605991855,
                0.9499999999999998,
                2.8499999999999996
            ]
        ],
        "intrinsic": [
            [
                965.6844046797067,
                0.0,
                400.0
            ],
            [
                0.0,
                965.6844046797067,
                400.0
            ],
            [
                0.0,
                0.0,
                1.0
            ]
        ]
    },
    {
        "file_path": "./data/r_9_1.png",
        "time": 0.041666666666666664,
        "c2w": [
            [
                0.8700352710140692,
                0.10518821359481381,
                -0.4816368620778594,
                -1.4449105862335783
            ],
            [
                0.0,
                0.9769718864492504,
                0.2133680695132077,
                0.6401042085396231
            ],
            [
                0.4929894797979721,
                -0.1856377461846724,
                0.85,
                2.55
            ]
        ],
        "intrinsic": [
            [
                965.6844046797067,
                0.0,
                400.0
            ],
            [
                0.0,
                965.6844046797067,
                400.0
            ],
            [
                0.0,
                0.0,
                1.0
            ]
        ]
    },
    {
        "file_path": "./data/r_0_3.png",
        "time": 0.125,
        "c2w": [
            [
                -0.992981366610987,
                0.03442002861263492,
                -0.11315152316112252,
                -0.33945456948336755
            ],
            [
                0.0,
                0.9567148306541933,
                0.2910270310578011,
                0.8730810931734032
            ],
            [
                0.11827089905541706,
                0.28898441902051347,
                -0.9499999999999998,
                -2.8499999999999996
            ]
        ],
        "intrinsic": [
            [
                965.6844046797067,
                0.0,
                400.0
            ],
            [
                0.0,
                965.6844046797067,
                400.0
            ],
            [
                0.0,
                0.0,
                1.0
            ]
        ]
    },
    {
        "file_path": "./data/r_8_6.png",
        "time": 0.25,
        "c2w": [
            [
                0.9353170970835862,
                -0.25440984585477605,
                0.24588118723335145,
                0.7376435617000543
            ],
            [
                0.0,
                0.694951479051079,
                0.7190566332109855,
                2.1571698996329562
            ],
            [
                -0.35381058195471393,
                -0.6725459628135959,
                0.6499999999999999,
                1.9499999999999997
            ]
        ],
        "intrinsic": [
            [
                965.6844046797067,
                0.0,
                400.0
            ],
            [
                0.0,
                965.6844046797067,
                400.0
            ],
            [
                0.0,
                0.0,
                1.0
            ]
        ]
    },
    {
        "file_path": "./data/r_5_0.png",
        "time": 0.0,
        "c2w": [
            [
                0.0501117266325717,
                0.06665542178427089,
                -0.9965168686985,
                -2.9895506060955
            ],
            [
                0.0,
                0.9977704493522863,
                0.06673927179207644,
                0.2002178153762293
            ],
            [
                0.9987436181793116,
                -0.0033444201437014378,
                0.049999999999999996,
                0.15
            ]
        ],
        "intrinsic": [
            [
                965.6844046797067,
                0.0,
                400.0
            ],
            [
                0.0,
                965.6844046797067,
                400.0
            ],
            [
                0.0,
                0.0,
                1.0
            ]
        ]
    },
    {
        "file_path": "./data/r_4_3.png",
        "time": 0.125,
        "c2w": [
            [
                -0.9908522678779891,
                0.13339571633716377,
                -0.020429539983579048,
                -0.061288619950737144
            ],
            [
                0.0,
                0.15138482785253157,
                0.9884749030178052,
                2.9654247090534156
            ],
            [
                0.13495104016288914,
                0.9794325993956675,
                -0.14999999999999988,
                -0.4499999999999996
            ]
        ],
        "intrinsic": [
            [
                965.6844046797067,
                0.0,
                400.0
            ],
            [
                0.0,
                965.6844046797067,
                400.0
            ],
            [
                0.0,
                0.0,
                1.0
            ]
        ]
    },
    {
        "file_path": "./data/r_2_12.png",
        "time": 0.5,
        "c2w": [
            [
                -0.5301131369569533,
                0.4482082340589826,
                -0.7197843016816821,
                -2.159352905045046
            ],
            [
                0.0,
                0.8488753977748364,
                0.5285929994358733,
                1.58577899830762
            ],
            [
                0.8479269202152143,
                0.28021409310443585,
                -0.45000000000000007,
                -1.35
            ]
        ],
        "intrinsic": [
            [
                965.6844046797067,
                0.0,
                400.0
            ],
            [
                0.0,
                965.6844046797067,
                400.0
            ],
            [
                0.0,
                0.0,
                1.0
            ]
        ]
    },
    {
        "file_path": "./data/r_2_13.png",
        "time": 0.5416666666666666,
        "c2w": [
            [
                -0.5301131369569533,
                0.4482082340589826,
                -0.7197843016816821,
                -2.159352905045046
            ],
            [
                0.0,
                0.8488753977748364,
                0.5285929994358733,
                1.58577899830762
            ],
            [
                0.8479269202152143,
                0.28021409310443585,
                -0.45000000000000007,
                -1.35
            ]
        ],
        "intrinsic": [
            [
                965.6844046797067,
                0.0,
                400.0
            ],
            [
                0.0,
                965.6844046797067,
                400.0
            ],
            [
                0.0,
                0.0,
                1.0
            ]
        ]
    },
    {
        "file_path": "./data/r_4_11.png",
        "time": 0.4583333333333333,
        "c2w": [
            [
                -0.9908522678779891,
                0.13339571633716377,
                -0.020429539983579048,
                -0.061288619950737144
            ],
            [
                0.0,
                0.15138482785253157,
                0.9884749030178052,
                2.9654247090534156
            ],
            [
                0.13495104016288914,
                0.9794325993956675,
                -0.14999999999999988,
                -0.4499999999999996
            ]
        ],
        "intrinsic": [
            [
                965.6844046797067,
                0.0,
                400.0
            ],
            [
                0.0,
                965.6844046797067,
                400.0
            ],
            [
                0.0,
                0.0,
                1.0
            ]
        ]
    },
    {
        "file_path": "./data/r_5_-1.png",
        "time": -0.041666666666666664,
        "c2w": [
            [
                0.0501117266325717,
                0.06665542178427089,
                -0.9965168686985,
                -2.9895506060955
            ],
            [
                0.0,
                0.9977704493522863,
                0.06673927179207644,
                0.2002178153762293
            ],
            [
                0.9987436181793116,
                -0.0033444201437014378,
                0.049999999999999996,
                0.15
            ]
        ],
        "intrinsic": [
            [
                965.6844046797067,
                0.0,
                400.0
            ],
            [
                0.0,
                965.6844046797067,
                400.0
            ],
            [
                0.0,
                0.0,
                1.0
            ]
        ]
    },
    {
        "file_path": "./data/r_7_2.png",
        "time": 0.08333333333333333,
        "c2w": [
            [
                0.5591127790388626,
                0.6465502301698254,
                -0.5190045280946842,
                -1.5570135842840527
            ],
            [
                0.0,
                0.6259917732548774,
                0.7798296607703595,
                2.3394889823110785
            ],
            [
                0.8290916115336351,
                -0.4360127288102492,
                0.35000000000000003,
                1.05
            ]
        ],
        "intrinsic": [
            [
                965.6844046797067,
                0.0,
                400.0
            ],
            [
                0.0,
                965.6844046797067,
                400.0
            ],
            [
                0.0,
                0.0,
                1.0
            ]
        ]
    },
    {
        "file_path": "./data/r_5_5.png",
        "time": 0.20833333333333334,
        "c2w": [
            [
                0.0501117266325717,
                0.06665542178427089,
                -0.9965168686985,
                -2.9895506060955
            ],
            [
                0.0,
                0.9977704493522863,
                0.06673927179207644,
                0.2002178153762293
            ],
            [
                0.9987436181793116,
                -0.0033444201437014378,
                0.049999999999999996,
                0.15
            ]
        ],
        "intrinsic": [
            [
                965.6844046797067,
                0.0,
                400.0
            ],
            [
                0.0,
                965.6844046797067,
                400.0
            ],
            [
                0.0,
                0.0,
                1.0
            ]
        ]
    },
    {
        "file_path": "./data/r_4_12.png",
        "time": 0.5,
        "c2w": [
            [
                -0.9908522678779891,
                0.13339571633716377,
                -0.020429539983579048,
                -0.061288619950737144
            ],
            [
                0.0,
                0.15138482785253157,
                0.9884749030178052,
                2.9654247090534156
            ],
            [
                0.13495104016288914,
                0.9794325993956675,
                -0.14999999999999988,
                -0.4499999999999996
            ]
        ],
        "intrinsic": [
            [
                965.6844046797067,
                0.0,
                400.0
            ],
            [
                0.0,
                965.6844046797067,
                400.0
            ],
            [
                0.0,
                0.0,
                1.0
            ]
        ]
    },
    {
        "file_path": "./data/r_1_6.png",
        "time": 0.25,
        "c2w": [
            [
                -0.8548465686055678,
                -0.33700778556180344,
                0.39454162849313595,
                1.1836248854794078
            ],
            [
                0.0,
                0.7603703680536318,
                0.6494897253890816,
                1.9484691761672446
            ],
            [
                -0.5188808573683232,
                0.5552140630934289,
                -0.6499999999999998,
                -1.9499999999999993
            ]
        ],
        "intrinsic": [
            [
                965.6844046797067,
                0.0,
                400.0
            ],
            [
                0.0,
                965.6844046797067,
                400.0
            ],
            [
                0.0,
                0.0,
                1.0
            ]
        ]
    },
    {
        "file_path": "./data/r_5_12.png",
        "time": 0.5,
        "c2w": [
            [
                0.0501117266325717,
                0.06665542178427089,
                -0.9965168686985,
                -2.9895506060955
            ],
            [
                0.0,
                0.9977704493522863,
                0.06673927179207644,
                0.2002178153762293
            ],
            [
                0.9987436181793116,
                -0.0033444201437014378,
                0.049999999999999996,
                0.15
            ]
        ],
        "intrinsic": [
            [
                965.6844046797067,
                0.0,
                400.0
            ],
            [
                0.0,
                965.6844046797067,
                400.0
            ],
            [
                0.0,
                0.0,
                1.0
            ]
        ]
    },
    {
        "file_path": "./data/r_4_13.png",
        "time": 0.5416666666666666,
        "c2w": [
            [
                -0.9908522678779891,
                0.13339571633716377,
                -0.020429539983579048,
                -0.061288619950737144
            ],
            [
                0.0,
                0.15138482785253157,
                0.9884749030178052,
                2.9654247090534156
            ],
            [
                0.13495104016288914,
                0.9794325993956675,
                -0.14999999999999988,
                -0.4499999999999996
            ]
        ],
        "intrinsic": [
            [
                965.6844046797067,
                0.0,
                400.0
            ],
            [
                0.0,
                965.6844046797067,
                400.0
            ],
            [
                0.0,
                0.0,
                1.0
            ]
        ]
    },
    {
        "file_path": "./data/r_10_0.png",
        "time": 0.0,
        "c2w": [
            [
                0.9547462537884557,
                -0.029619555902539226,
                0.2959430228693458,
                0.8878290686080375
            ],
            [
                0.0,
                0.995028779877771,
                0.0995877864748195,
                0.29876335942445853
            ],
            [
                -0.29742157096772553,
                -0.09508106605991855,
                0.9499999999999998,
                2.8499999999999996
            ]
        ],
        "intrinsic": [
            [
                965.6844046797067,
                0.0,
                400.0
            ],
            [
                0.0,
                965.6844046797067,
                400.0
            ],
            [
                0.0,
                0.0,
                1.0
            ]
        ]
    },
    {
        "file_path": "./data/r_4_4.png",
        "time": 0.16666666666666666,
        "c2w": [
            [
                -0.9908522678779891,
                0.13339571633716377,
                -0.020429539983579048,
                -0.061288619950737144
            ],
            [
                0.0,
                0.15138482785253157,
                0.9884749030178052,
                2.9654247090534156
            ],
            [
                0.13495104016288914,
                0.9794325993956675,
                -0.14999999999999988,
                -0.4499999999999996
            ]
        ],
        "intrinsic": [
            [
                965.6844046797067,
                0.0,
                400.0
            ],
            [
                0.0,
                965.6844046797067,
                400.0
            ],
            [
                0.0,
                0.0,
                1.0
            ]
        ]
    },
    {
        "file_path": "./data/r_10_3.png",
        "time": 0.125,
        "c2w": [
            [
                0.9547462537884557,
                -0.029619555902539226,
                0.2959430228693458,
                0.8878290686080375
            ],
            [
                0.0,
                0.995028779877771,
                0.0995877864748195,
                0.29876335942445853
            ],
            [
                -0.29742157096772553,
                -0.09508106605991855,
                0.9499999999999998,
                2.8499999999999996
            ]
        ],
        "intrinsic": [
            [
                965.6844046797067,
                0.0,
                400.0
            ],
            [
                0.0,
                965.6844046797067,
                400.0
            ],
            [
                0.0,
                0.0,
                1.0
            ]
        ]
    },
    {
        "file_path": "./data/r_6_11.png",
        "time": 0.4583333333333333,
        "c2w": [
            [
                0.1907277353404527,
                -0.6063014198834801,
                0.772024299629991,
                2.316072898889973
            ],
            [
                0.0,
                0.7864613908000685,
                0.6176394423778503,
                1.8529183271335508
            ],
            [
                -0.9816429753081831,
                -0.11780097210166741,
                0.1499999999999998,
                0.4499999999999994
            ]
        ],
        "intrinsic": [
            [
                965.6844046797067,
                0.0,
                400.0
            ],
            [
                0.0,
                965.6844046797067,
                400.0
            ],
            [
                0.0,
                0.0,
                1.0
            ]
        ]
    },
    {
        "file_path": "./data/r_2_0.png",
        "time": 0.0,
        "c2w": [
            [
                -0.5301131369569533,
                0.4482082340589826,
                -0.7197843016816821,
                -2.159352905045046
            ],
            [
                0.0,
                0.8488753977748364,
                0.5285929994358733,
                1.58577899830762
            ],
            [
                0.8479269202152143,
                0.28021409310443585,
                -0.45000000000000007,
                -1.35
            ]
        ],
        "intrinsic": [
            [
                965.6844046797067,
                0.0,
                400.0
            ],
            [
                0.0,
                965.6844046797067,
                400.0
            ],
            [
                0.0,
                0.0,
                1.0
            ]
        ]
    },
    {
        "file_path": "./data/r_7_1.png",
        "time": 0.041666666666666664,
        "c2w": [
            [
                0.5591127790388626,
                0.6465502301698254,
                -0.5190045280946842,
                -1.5570135842840527
            ],
            [
                0.0,
                0.6259917732548774,
                0.7798296607703595,
                2.3394889823110785
            ],
            [
                0.8290916115336351,
                -0.4360127288102492,
                0.35000000000000003,
                1.05
            ]
        ],
        "intrinsic": [
            [
                965.6844046797067,
                0.0,
                400.0
            ],
            [
                0.0,
                965.6844046797067,
                400.0
            ],
            [
                0.0,
                0.0,
                1.0
            ]
        ]
    },
    {
        "file_path": "./data/r_6_-1.png",
        "time": -0.041666666666666664,
        "c2w": [
            [
                0.1907277353404527,
                -0.6063014198834801,
                0.772024299629991,
                2.316072898889973
            ],
            [
                0.0,
                0.7864613908000685,
                0.6176394423778503,
                1.8529183271335508
            ],
            [
                -0.9816429753081831,
                -0.11780097210166741,
                0.1499999999999998,
                0.4499999999999994
            ]
        ],
        "intrinsic": [
            [
                965.6844046797067,
                0.0,
                400.0
            ],
            [
                0.0,
                965.6844046797067,
                400.0
            ],
            [
                0.0,
                0.0,
                1.0
            ]
        ]
    },
    {
        "file_path": "./data/r_5_7.png",
        "time": 0.2916666666666667,
        "c2w": [
            [
                0.0501117266325717,
                0.06665542178427089,
                -0.9965168686985,
                -2.9895506060955
            ],
            [
                0.0,
                0.9977704493522863,
                0.06673927179207644,
                0.2002178153762293
            ],
            [
                0.9987436181793116,
                -0.0033444201437014378,
                0.049999999999999996,
                0.15
            ]
        ],
        "intrinsic": [
            [
                965.6844046797067,
                0.0,
                400.0
            ],
            [
                0.0,
                965.6844046797067,
                400.0
            ],
            [
                0.0,
                0.0,
                1.0
            ]
        ]
    },
    {
        "file_path": "./data/r_0_11.png",
        "time": 0.4583333333333333,
        "c2w": [
            [
                -0.992981366610987,
                0.03442002861263492,
                -0.11315152316112252,
                -0.33945456948336755
            ],
            [
                0.0,
                0.9567148306541933,
                0.2910270310578011,
                0.8730810931734032
            ],
            [
                0.11827089905541706,
                0.28898441902051347,
                -0.9499999999999998,
                -2.8499999999999996
            ]
        ],
        "intrinsic": [
            [
                965.6844046797067,
                0.0,
                400.0
            ],
            [
                0.0,
                965.6844046797067,
                400.0
            ],
            [
                0.0,
                0.0,
                1.0
            ]
        ]
    },
    {
        "file_path": "./data/r_0_5.png",
        "time": 0.20833333333333334,
        "c2w": [
            [
                -0.992981366610987,
                0.03442002861263492,
                -0.11315152316112252,
                -0.33945456948336755
            ],
            [
                0.0,
                0.9567148306541933,
                0.2910270310578011,
                0.8730810931734032
            ],
            [
                0.11827089905541706,
                0.28898441902051347,
                -0.9499999999999998,
                -2.8499999999999996
            ]
        ],
        "intrinsic": [
            [
                965.6844046797067,
                0.0,
                400.0
            ],
            [
                0.0,
                965.6844046797067,
                400.0
            ],
            [
                0.0,
                0.0,
                1.0
            ]
        ]
    },
    {
        "file_path": "./data/r_4_5.png",
        "time": 0.20833333333333334,
        "c2w": [
            [
                -0.9908522678779891,
                0.13339571633716377,
                -0.020429539983579048,
                -0.061288619950737144
            ],
            [
                0.0,
                0.15138482785253157,
                0.9884749030178052,
                2.9654247090534156
            ],
            [
                0.13495104016288914,
                0.9794325993956675,
                -0.14999999999999988,
                -0.4499999999999996
            ]
        ],
        "intrinsic": [
            [
                965.6844046797067,
                0.0,
                400.0
            ],
            [
                0.0,
                965.6844046797067,
                400.0
            ],
            [
                0.0,
                0.0,
                1.0
            ]
        ]
    },
    {
        "file_path": "./data/r_7_12.png",
        "time": 0.5,
        "c2w": [
            [
                0.5591127790388626,
                0.6465502301698254,
                -0.5190045280946842,
                -1.5570135842840527
            ],
            [
                0.0,
                0.6259917732548774,
                0.7798296607703595,
                2.3394889823110785
            ],
            [
                0.8290916115336351,
                -0.4360127288102492,
                0.35000000000000003,
                1.05
            ]
        ],
        "intrinsic": [
            [
                965.6844046797067,
                0.0,
                400.0
            ],
            [
                0.0,
                965.6844046797067,
                400.0
            ],
            [
                0.0,
                0.0,
                1.0
            ]
        ]
    },
    {
        "file_path": "./data/r_3_2.png",
        "time": 0.08333333333333333,
        "c2w": [
            [
                -0.35180472663778206,
                -0.09469392079722554,
                0.9312714403864021,
                2.793814321159206
            ],
            [
                0.0,
                0.9948700898506118,
                0.10116078449990235,
                0.30348235349970704
            ],
            [
                -0.9360734128877475,
                0.035588842137451726,
                -0.35000000000000014,
                -1.0500000000000005
            ]
        ],
        "intrinsic": [
            [
                965.6844046797067,
                0.0,
                400.0
            ],
            [
                0.0,
                965.6844046797067,
                400.0
            ],
            [
                0.0,
                0.0,
                1.0
            ]
        ]
    },
    {
        "file_path": "./data/r_7_-1.png",
        "time": -0.041666666666666664,
        "c2w": [
            [
                0.5591127790388626,
                0.6465502301698254,
                -0.5190045280946842,
                -1.5570135842840527
            ],
            [
                0.0,
                0.6259917732548774,
                0.7798296607703595,
                2.3394889823110785
            ],
            [
                0.8290916115336351,
                -0.4360127288102492,
                0.35000000000000003,
                1.05
            ]
        ],
        "intrinsic": [
            [
                965.6844046797067,
                0.0,
                400.0
            ],
            [
                0.0,
                965.6844046797067,
                400.0
            ],
            [
                0.0,
                0.0,
                1.0
            ]
        ]
    },
    {
        "file_path": "./data/r_10_1.png",
        "time": 0.041666666666666664,
        "c2w": [
            [
                0.9547462537884557,
                -0.029619555902539226,
                0.2959430228693458,
                0.8878290686080375
            ],
            [
                0.0,
                0.995028779877771,
                0.0995877864748195,
                0.29876335942445853
            ],
            [
                -0.29742157096772553,
                -0.09508106605991855,
                0.9499999999999998,
                2.8499999999999996
            ]
        ],
        "intrinsic": [
            [
                965.6844046797067,
                0.0,
                400.0
            ],
            [
                0.0,
                965.6844046797067,
                400.0
            ],
            [
                0.0,
                0.0,
                1.0
            ]
        ]
    },
    {
        "file_path": "./data/r_6_12.png",
        "time": 0.5,
        "c2w": [
            [
                0.1907277353404527,
                -0.6063014198834801,
                0.772024299629991,
                2.316072898889973
            ],
            [
                0.0,
                0.7864613908000685,
                0.6176394423778503,
                1.8529183271335508
            ],
            [
                -0.9816429753081831,
                -0.11780097210166741,
                0.1499999999999998,
                0.4499999999999994
            ]
        ],
        "intrinsic": [
            [
                965.6844046797067,
                0.0,
                400.0
            ],
            [
                0.0,
                965.6844046797067,
                400.0
            ],
            [
                0.0,
                0.0,
                1.0
            ]
        ]
    },
    {
        "file_path": "./data/r_9_13.png",
        "time": 0.5416666666666666,
        "c2w": [
            [
                0.8700352710140692,
                0.10518821359481381,
                -0.4816368620778594,
                -1.4449105862335783
            ],
            [
                0.0,
                0.9769718864492504,
                0.2133680695132077,
                0.6401042085396231
            ],
            [
                0.4929894797979721,
                -0.1856377461846724,
                0.85,
                2.55
            ]
        ],
        "intrinsic": [
            [
                965.6844046797067,
                0.0,
                400.0
            ],
            [
                0.0,
                965.6844046797067,
                400.0
            ],
            [
                0.0,
                0.0,
                1.0
            ]
        ]
    },
    {
        "file_path": "./data/r_1_13.png",
        "time": 0.5416666666666666,
        "c2w": [
            [
                -0.8548465686055678,
                -0.33700778556180344,
                0.39454162849313595,
                1.1836248854794078
            ],
            [
                0.0,
                0.7603703680536318,
                0.6494897253890816,
                1.9484691761672446
            ],
            [
                -0.5188808573683232,
                0.5552140630934289,
                -0.6499999999999998,
                -1.9499999999999993
            ]
        ],
        "intrinsic": [
            [
                965.6844046797067,
                0.0,
                400.0
            ],
            [
                0.0,
                965.6844046797067,
                400.0
            ],
            [
                0.0,
                0.0,
                1.0
            ]
        ]
    },
    {
        "file_path": "./data/r_4_10.png",
        "time": 0.4166666666666667,
        "c2w": [
            [
                -0.9908522678779891,
                0.13339571633716377,
                -0.020429539983579048,
                -0.061288619950737144
            ],
            [
                0.0,
                0.15138482785253157,
                0.9884749030178052,
                2.9654247090534156
            ],
            [
                0.13495104016288914,
                0.9794325993956675,
                -0.14999999999999988,
                -0.4499999999999996
            ]
        ],
        "intrinsic": [
            [
                965.6844046797067,
                0.0,
                400.0
            ],
            [
                0.0,
                965.6844046797067,
                400.0
            ],
            [
                0.0,
                0.0,
                1.0
            ]
        ]
    },
    {
        "file_path": "./data/r_2_10.png",
