[{"id": 0, "img_name": "m_0_7", "width": 800, "height": 800, "position": [-0.33945456948336766, 0.8730810931734032, -2.85], "rotation": [[-0.992981366610987, -0.03442002861263492, 0.11315152316112252], [-7.478810189532939e-19, -0.9567148306541933, -0.29102703105780103], [0.11827089905541704, -0.28898441902051347, 0.9499999999999998]], "fy": 965.6844046797067, "fx": 965.6844046797067}, {"id": 1, "img_name": "m_0_3", "width": 800, "height": 800, "position": [-0.33945456948336766, 0.8730810931734032, -2.85], "rotation": [[-0.992981366610987, -0.03442002861263492, 0.11315152316112252], [-7.478810189532939e-19, -0.9567148306541933, -0.29102703105780103], [0.11827089905541704, -0.28898441902051347, 0.9499999999999998]], "fy": 965.6844046797067, "fx": 965.6844046797067}, {"id": 2, "img_name": "m_0_11", "width": 800, "height": 800, "position": [-0.33945456948336766, 0.8730810931734032, -2.85], "rotation": [[-0.992981366610987, -0.03442002861263492, 0.11315152316112252], [-7.478810189532939e-19, -0.9567148306541933, -0.29102703105780103], [0.11827089905541704, -0.28898441902051347, 0.9499999999999998]], "fy": 965.6844046797067, "fx": 965.6844046797067}, {"id": 3, "img_name": "m_0_5", "width": 800, "height": 800, "position": [-0.33945456948336766, 0.8730810931734032, -2.85], "rotation": [[-0.992981366610987, -0.03442002861263492, 0.11315152316112252], [-7.478810189532939e-19, -0.9567148306541933, -0.29102703105780103], [0.11827089905541704, -0.28898441902051347, 0.9499999999999998]], "fy": 965.6844046797067, "fx": 965.6844046797067}, {"id": 4, "img_name": "m_0_2", "width": 800, "height": 800, "position": [-0.33945456948336766, 0.8730810931734032, -2.85], "rotation": [[-0.992981366610987, -0.03442002861263492, 0.11315152316112252], [-7.478810189532939e-19, -0.9567148306541933, -0.29102703105780103], [0.11827089905541704, -0.28898441902051347, 0.9499999999999998]], "fy": 965.6844046797067, "fx": 965.6844046797067}, {"id": 5, "img_name": "m_0_1", "width": 800, "height": 800, "position": [-0.33945456948336766, 0.8730810931734032, -2.85], "rotation": [[-0.992981366610987, -0.03442002861263492, 0.11315152316112252], [-7.478810189532939e-19, -0.9567148306541933, -0.29102703105780103], [0.11827089905541704, -0.28898441902051347, 0.9499999999999998]], "fy": 965.6844046797067, "fx": 965.6844046797067}, {"id": 6, "img_name": "m_0_13", "width": 800, "height": 800, "position": [-0.33945456948336766, 0.8730810931734032, -2.85], "rotation": [[-0.992981366610987, -0.03442002861263492, 0.11315152316112252], [-7.478810189532939e-19, -0.9567148306541933, -0.29102703105780103], [0.11827089905541704, -0.28898441902051347, 0.9499999999999998]], "fy": 965.6844046797067, "fx": 965.6844046797067}, {"id": 7, "img_name": "m_0_8", "width": 800, "height": 800, "position": [-0.33945456948336766, 0.8730810931734032, -2.85], "rotation": [[-0.992981366610987, -0.03442002861263492, 0.11315152316112252], [-7.478810189532939e-19, -0.9567148306541933, -0.29102703105780103], [0.11827089905541704, -0.28898441902051347, 0.9499999999999998]], "fy": 965.6844046797067, "fx": 965.6844046797067}, {"id": 8, "img_name": "m_0_0", "width": 800, "height": 800, "position": [-0.33945456948336766, 0.8730810931734032, -2.85], "rotation": [[-0.992981366610987, -0.03442002861263492, 0.11315152316112252], [-7.478810189532939e-19, -0.9567148306541933, -0.29102703105780103], [0.11827089905541704, -0.28898441902051347, 0.9499999999999998]], "fy": 965.6844046797067, "fx": 965.6844046797067}, {"id": 9, "img_name": "m_0_12", "width": 800, "height": 800, "position": [-0.33945456948336766, 0.8730810931734032, -2.85], "rotation": [[-0.992981366610987, -0.03442002861263492, 0.11315152316112252], [-7.478810189532939e-19, -0.9567148306541933, -0.29102703105780103], [0.11827089905541704, -0.28898441902051347, 0.9499999999999998]], "fy": 965.6844046797067, "fx": 965.6844046797067}, {"id": 10, "img_name": "m_0_6", "width": 800, "height": 800, "position": [-0.33945456948336766, 0.8730810931734032, -2.85], "rotation": [[-0.992981366610987, -0.03442002861263492, 0.11315152316112252], [-7.478810189532939e-19, -0.9567148306541933, -0.29102703105780103], [0.11827089905541704, -0.28898441902051347, 0.9499999999999998]], "fy": 965.6844046797067, "fx": 965.6844046797067}, {"id": 11, "img_name": "m_0_9", "width": 800, "height": 800, "position": [-0.33945456948336766, 0.8730810931734032, -2.85], "rotation": [[-0.992981366610987, -0.03442002861263492, 0.11315152316112252], [-7.478810189532939e-19, -0.9567148306541933, -0.29102703105780103], [0.11827089905541704, -0.28898441902051347, 0.9499999999999998]], "fy": 965.6844046797067, "fx": 965.6844046797067}, {"id": 12, "img_name": "m_0_4", "width": 800, "height": 800, "position": [-0.33945456948336766, 0.8730810931734032, -2.85], "rotation": [[-0.992981366610987, -0.03442002861263492, 0.11315152316112252], [-7.478810189532939e-19, -0.9567148306541933, -0.29102703105780103], [0.11827089905541704, -0.28898441902051347, 0.9499999999999998]], "fy": 965.6844046797067, "fx": 965.6844046797067}, {"id": 13, "img_name": "m_0_10", "width": 800, "height": 800, "position": [-0.33945456948336766, 0.8730810931734032, -2.85], "rotation": [[-0.992981366610987, -0.03442002861263492, 0.11315152316112252], [-7.478810189532939e-19, -0.9567148306541933, -0.29102703105780103], [0.11827089905541704, -0.28898441902051347, 0.9499999999999998]], "fy": 965.6844046797067, "fx": 965.6844046797067}, {"id": 14, "img_name": "m_9_7", "width": 800, "height": 800, "position": [-1.4449105862335778, 0.6401042085396231, 2.55], "rotation": [[0.8700352710140692, -0.10518821359481381, 0.48163686207785933], [-1.3202711315652706e-17, -0.9769718864492504, -0.2133680695132077], [0.4929894797979722, 0.1856377461846724, -0.85]], "fy": 965.6844046797067, "fx": 965.6844046797067}, {"id": 15, "img_name": "m_9_4", "width": 800, "height": 800, "position": [-1.4449105862335778, 0.6401042085396231, 2.55], "rotation": [[0.8700352710140692, -0.10518821359481381, 0.48163686207785933], [-1.3202711315652706e-17, -0.9769718864492504, -0.2133680695132077], [0.4929894797979722, 0.1856377461846724, -0.85]], "fy": 965.6844046797067, "fx": 965.6844046797067}, {"id": 16, "img_name": "m_6_8", "width": 800, "height": 800, "position": [2.316072898889973, 1.852918327133551, 0.4499999999999994], "rotation": [[0.1907277353404527, 0.6063014198834801, -0.7720242996299909], [5.26171175118911e-18, -0.7864613908000685, -0.6176394423778503], [-0.9816429753081832, 0.11780097210166743, -0.14999999999999983]], "fy": 965.6844046797067, "fx": 965.6844046797067}, {"id": 17, "img_name": "m_8_11", "width": 800, "height": 800, "position": [0.7376435617000543, 2.157169899632956, 1.9499999999999997], "rotation": [[0.9353170970835862, 0.254409845854776, -0.24588118723335148], [2.2911242897535678e-17, -0.6949514790510789, -0.7190566332109852], [-0.353810581954714, 0.6725459628135958, -0.65]], "fy": 965.6844046797067, "fx": 965.6844046797067}, {"id": 18, "img_name": "m_0_7", "width": 800, "height": 800, "position": [-0.33945456948336766, 0.8730810931734032, -2.85], "rotation": [[-0.992981366610987, -0.03442002861263492, 0.11315152316112252], [-7.478810189532939e-19, -0.9567148306541933, -0.29102703105780103], [0.11827089905541704, -0.28898441902051347, 0.9499999999999998]], "fy": 965.6844046797067, "fx": 965.6844046797067}, {"id": 19, "img_name": "m_6_4", "width": 800, "height": 800, "position": [2.316072898889973, 1.852918327133551, 0.4499999999999994], "rotation": [[0.1907277353404527, 0.6063014198834801, -0.7720242996299909], [5.26171175118911e-18, -0.7864613908000685, -0.6176394423778503], [-0.9816429753081832, 0.11780097210166743, -0.14999999999999983]], "fy": 965.6844046797067, "fx": 965.6844046797067}, {"id": 20, "img_name": "m_1_3", "width": 800, "height": 800, "position": [1.183624885479408, 1.9484691761672444, -1.9499999999999993], "rotation": [[-0.8548465686055678, 0.3370077855618034, -0.39454162849313595], [-4.3859024167730984e-17, -0.7603703680536318, -0.6494897253890815], [-0.5188808573683232, -0.5552140630934289, 0.6499999999999998]], "fy": 965.6844046797067, "fx": 965.6844046797067}, {"id": 21, "img_name": "m_10_4", "width": 800, "height": 800, "position": [0.8878290686080373, 0.2987633594244586, 2.85], "rotation": [[0.9547462537884557, 0.02961955590253922, -0.2959430228693458], [-6.99571935911903e-18, -0.995028779877771, -0.0995877864748195], [-0.29742157096772553, 0.09508106605991853, -0.9500000000000001]], "fy": 965.6844046797067, "fx": 965.6844046797067}, {"id": 22, "img_name": "m_9_1", "width": 800, "height": 800, "position": [-1.4449105862335778, 0.6401042085396231, 2.55], "rotation": [[0.8700352710140692, -0.10518821359481381, 0.48163686207785933], [-1.3202711315652706e-17, -0.9769718864492504, -0.2133680695132077], [0.4929894797979722, 0.1856377461846724, -0.85]], "fy": 965.6844046797067, "fx": 965.6844046797067}, {"id": 23, "img_name": "m_0_3", "width": 800, "height": 800, "position": [-0.33945456948336766, 0.8730810931734032, -2.85], "rotation": [[-0.992981366610987, -0.03442002861263492, 0.11315152316112252], [-7.478810189532939e-19, -0.9567148306541933, -0.29102703105780103], [0.11827089905541704, -0.28898441902051347, 0.9499999999999998]], "fy": 965.6844046797067, "fx": 965.6844046797067}, {"id": 24, "img_name": "m_8_6", "width": 800, "height": 800, "position": [0.7376435617000543, 2.157169899632956, 1.9499999999999997], "rotation": [[0.9353170970835862, 0.254409845854776, -0.24588118723335148], [2.2911242897535678e-17, -0.6949514790510789, -0.7190566332109852], [-0.353810581954714, 0.6725459628135958, -0.65]], "fy": 965.6844046797067, "fx": 965.6844046797067}, {"id": 25, "img_name": "m_5_0", "width": 800, "height": 800, "position": [-2.9895506060955004, 0.20021781537622932, 0.14999999999999997], "rotation": [[0.050111726632571685, -0.0666554217842709, 0.9965168686985001], [-2.1075082367601415e-19, -0.9977704493522864, -0.06673927179207645], [0.9987436181793113, 0.003344420143701437, -0.04999999999999998]], "fy": 965.6844046797067, "fx": 965.6844046797067}, {"id": 26, "img_name": "m_4_3", "width": 800, "height": 800, "position": [-0.061288619950737144, 2.9654247090534156, -0.4499999999999996], "rotation": [[-0.9908522678779891, -0.13339571633716377, 0.020429539983579045], [4.923456916179109e-19, -0.15138482785253157, -0.9884749030178053], [0.1349510401628891, -0.9794325993956676, 0.14999999999999986]], "fy": 965.6844046797067, "fx": 965.6844046797067}, {"id": 27, "img_name": "m_2_12", "width": 800, "height": 800, "position": [-2.1593529050450457, 1.5857789983076203, -1.3500000000000003], "rotation": [[-0.5301131369569532, -0.44820823405898264, 0.7197843016816818], [-5.196861696130724e-18, -0.8488753977748366, -0.5285929994358735], [0.8479269202152142, -0.28021409310443585, 0.45000000000000007]], "fy": 965.6844046797067, "fx": 965.6844046797067}, {"id": 28, "img_name": "m_2_13", "width": 800, "height": 800, "position": [-2.1593529050450457, 1.5857789983076203, -1.3500000000000003], "rotation": [[-0.5301131369569532, -0.44820823405898264, 0.7197843016816818], [-5.196861696130724e-18, -0.8488753977748366, -0.5285929994358735], [0.8479269202152142, -0.28021409310443585, 0.45000000000000007]], "fy": 965.6844046797067, "fx": 965.6844046797067}, {"id": 29, "img_name": "m_4_11", "width": 800, "height": 800, "position": [-0.061288619950737144, 2.9654247090534156, -0.4499999999999996], "rotation": [[-0.9908522678779891, -0.13339571633716377, 0.020429539983579045], [4.923456916179109e-19, -0.15138482785253157, -0.9884749030178053], [0.1349510401628891, -0.9794325993956676, 0.14999999999999986]], "fy": 965.6844046797067, "fx": 965.6844046797067}, {"id": 30, "img_name": "m_7_2", "width": 800, "height": 800, "position": [-1.557013584284053, 2.3394889823110785, 1.05], "rotation": [[0.5591127790388626, -0.6465502301698254, 0.5190045280946842], [-6.779330366661459e-17, -0.6259917732548774, -0.7798296607703594], [0.8290916115336352, 0.4360127288102493, -0.35000000000000003]], "fy": 965.6844046797067, "fx": 965.6844046797067}, {"id": 31, "img_name": "m_5_5", "width": 800, "height": 800, "position": [-2.9895506060955004, 0.20021781537622932, 0.14999999999999997], "rotation": [[0.050111726632571685, -0.0666554217842709, 0.9965168686985001], [-2.1075082367601415e-19, -0.9977704493522864, -0.06673927179207645], [0.9987436181793113, 0.003344420143701437, -0.04999999999999998]], "fy": 965.6844046797067, "fx": 965.6844046797067}, {"id": 32, "img_name": "m_4_12", "width": 800, "height": 800, "position": [-0.061288619950737144, 2.9654247090534156, -0.4499999999999996], "rotation": [[-0.9908522678779891, -0.13339571633716377, 0.020429539983579045], [4.923456916179109e-19, -0.15138482785253157, -0.9884749030178053], [0.1349510401628891, -0.9794325993956676, 0.14999999999999986]], "fy": 965.6844046797067, "fx": 965.6844046797067}, {"id": 33, "img_name": "m_1_6", "width": 800, "height": 800, "position": [1.183624885479408, 1.9484691761672444, -1.9499999999999993], "rotation": [[-0.8548465686055678, 0.3370077855618034, -0.39454162849313595], [-4.3859024167730984e-17, -0.7603703680536318, -0.6494897253890815], [-0.5188808573683232, -0.5552140630934289, 0.6499999999999998]], "fy": 965.6844046797067, "fx": 965.6844046797067}, {"id": 34, "img_name": "m_5_12", "width": 800, "height": 800, "position": [-2.9895506060955004, 0.20021781537622932, 0.14999999999999997], "rotation": [[0.050111726632571685, -0.0666554217842709, 0.9965168686985001], [-2.1075082367601415e-19, -0.9977704493522864, -0.06673927179207645], [0.9987436181793113, 0.003344420143701437, -0.04999999999999998]], "fy": 965.6844046797067, "fx": 965.6844046797067}, {"id": 35, "img_name": "m_4_13", "width": 800, "height": 800, "position": [-0.061288619950737144, 2.9654247090534156, -0.4499999999999996], "rotation": [[-0.9908522678779891, -0.13339571633716377, 0.020429539983579045], [4.923456916179109e-19, -0.15138482785253157, -0.9884749030178053], [0.1349510401628891, -0.9794325993956676, 0.14999999999999986]], "fy": 965.6844046797067, "fx": 965.6844046797067}, {"id": 36, "img_name": "m_10_0", "width": 800, "height": 800, "position": [0.8878290686080373, 0.2987633594244586, 2.85], "rotation": [[0.9547462537884557, 0.02961955590253922, -0.2959430228693458], [-6.99571935911903e-18, -0.995028779877771, -0.0995877864748195], [-0.29742157096772553, 0.09508106605991853, -0.9500000000000001]], "fy": 965.6844046797067, "fx": 965.6844046797067}, {"id": 37, "img_name": "m_4_4", "width": 800, "height": 800, "position": [-0.061288619950737144, 2.9654247090534156, -0.4499999999999996], "rotation": [[-0.9908522678779891, -0.13339571633716377, 0.020429539983579045], [4.923456916179109e-19, -0.15138482785253157, -0.9884749030178053], [0.1349510401628891, -0.9794325993956676, 0.14999999999999986]], "fy": 965.6844046797067, "fx": 965.6844046797067}, {"id": 38, "img_name": "m_10_3", "width": 800, "height": 800, "position": [0.8878290686080373, 0.2987633594244586, 2.85], "rotation": [[0.9547462537884557, 0.02961955590253922, -0.2959430228693458], [-6.99571935911903e-18, -0.995028779877771, -0.0995877864748195], [-0.29742157096772553, 0.09508106605991853, -0.9500000000000001]], "fy": 965.6844046797067, "fx": 965.6844046797067}, {"id": 39, "img_name": "m_6_11", "width": 800, "height": 800, "position": [2.316072898889973, 1.852918327133551, 0.4499999999999994], "rotation": [[0.1907277353404527, 0.6063014198834801, -0.7720242996299909], [5.26171175118911e-18, -0.7864613908000685, -0.6176394423778503], [-0.9816429753081832, 0.11780097210166743, -0.14999999999999983]], "fy": 965.6844046797067, "fx": 965.6844046797067}, {"id": 40, "img_name": "m_2_0", "width": 800, "height": 800, "position": [-2.1593529050450457, 1.5857789983076203, -1.3500000000000003], "rotation": [[-0.5301131369569532, -0.44820823405898264, 0.7197843016816818], [-5.196861696130724e-18, -0.8488753977748366, -0.5285929994358735], [0.8479269202152142, -0.28021409310443585, 0.45000000000000007]], "fy": 965.6844046797067, "fx": 965.6844046797067}, {"id": 41, "img_name": "m_7_1", "width": 800, "height": 800, "position": [-1.557013584284053, 2.3394889823110785, 1.05], "rotation": [[0.5591127790388626, -0.6465502301698254, 0.5190045280946842], [-6.779330366661459e-17, -0.6259917732548774, -0.7798296607703594], [0.8290916115336352, 0.4360127288102493, -0.35000000000000003]], "fy": 965.6844046797067, "fx": 965.6844046797067}, {"id": 42, "img_name": "m_5_7", "width": 800, "height": 800, "position": [-2.9895506060955004, 0.20021781537622932, 0.14999999999999997], "rotation": [[0.050111726632571685, -0.0666554217842709, 0.9965168686985001], [-2.1075082367601415e-19, -0.9977704493522864, -0.06673927179207645], [0.9987436181793113, 0.003344420143701437, -0.04999999999999998]], "fy": 965.6844046797067, "fx": 965.6844046797067}, {"id": 43, "img_name": "m_0_11", "width": 800, "height": 800, "position": [-0.33945456948336766, 0.8730810931734032, -2.85], "rotation": [[-0.992981366610987, -0.03442002861263492, 0.11315152316112252], [-7.478810189532939e-19, -0.9567148306541933, -0.29102703105780103], [0.11827089905541704, -0.28898441902051347, 0.9499999999999998]], "fy": 965.6844046797067, "fx": 965.6844046797067}, {"id": 44, "img_name": "m_0_5", "width": 800, "height": 800, "position": [-0.33945456948336766, 0.8730810931734032, -2.85], "rotation": [[-0.992981366610987, -0.03442002861263492, 0.11315152316112252], [-7.478810189532939e-19, -0.9567148306541933, -0.29102703105780103], [0.11827089905541704, -0.28898441902051347, 0.9499999999999998]], "fy": 965.6844046797067, "fx": 965.6844046797067}, {"id": 45, "img_name": "m_4_5", "width": 800, "height": 800, "position": [-0.061288619950737144, 2.9654247090534156, -0.4499999999999996], "rotation": [[-0.9908522678779891, -0.13339571633716377, 0.020429539983579045], [4.923456916179109e-19, -0.15138482785253157, -0.9884749030178053], [0.1349510401628891, -0.9794325993956676, 0.14999999999999986]], "fy": 965.6844046797067, "fx": 965.6844046797067}, {"id": 46, "img_name": "m_7_12", "width": 800, "height": 800, "position": [-1.557013584284053, 2.3394889823110785, 1.05], "rotation": [[0.5591127790388626, -0.6465502301698254, 0.5190045280946842], [-6.779330366661459e-17, -0.6259917732548774, -0.7798296607703594], [0.8290916115336352, 0.4360127288102493, -0.35000000000000003]], "fy": 965.6844046797067, "fx": 965.6844046797067}, {"id": 47, "img_name": "m_3_2", "width": 800, "height": 800, "position": [2.793814321159206, 0.30348235349970704, -1.0500000000000003], "rotation": [[-0.35180472663778206, 0.09469392079722552, -0.931271440386402], [4.339530585088462e-18, -0.9948700898506116, -0.10116078449990233], [-0.9360734128877476, -0.03558884213745172, 0.3500000000000002]], "fy": 965.6844046797067, "fx": 965.6844046797067}, {"id": 48, "img_name": "m_10_1", "width": 800, "height": 800, "position": [0.8878290686080373, 0.2987633594244586, 2.85], "rotation": [[0.9547462537884557, 0.02961955590253922, -0.2959430228693458], [-6.99571935911903e-18, -0.995028779877771, -0.0995877864748195], [-0.29742157096772553, 0.09508106605991853, -0.9500000000000001]], "fy": 965.6844046797067, "fx": 965.6844046797067}, {"id": 49, "img_name": "m_6_12", "width": 800, "height": 800, "position": [2.316072898889973, 1.852918327133551, 0.4499999999999994], "rotation": [[0.1907277353404527, 0.6063014198834801, -0.7720242996299909], [5.26171175118911e-18, -0.7864613908000685, -0.6176394423778503], [-0.9816429753081832, 0.11780097210166743, -0.14999999999999983]], "fy": 965.6844046797067, "fx": 965.6844046797067}, {"id": 50, "img_name": "m_9_13", "width": 800, "height": 800, "position": [-1.4449105862335778, 0.6401042085396231, 2.55], "rotation": [[0.8700352710140692, -0.10518821359481381, 0.48163686207785933], [-1.3202711315652706e-17, -0.9769718864492504, -0.2133680695132077], [0.4929894797979722, 0.1856377461846724, -0.85]], "fy": 965.6844046797067, "fx": 965.6844046797067}, {"id": 51, "img_name": "m_1_13", "width": 800, "height": 800, "position": [1.183624885479408, 1.9484691761672444, -1.9499999999999993], "rotation": [[-0.8548465686055678, 0.3370077855618034, -0.39454162849313595], [-4.3859024167730984e-17, -0.7603703680536318, -0.6494897253890815], [-0.5188808573683232, -0.5552140630934289, 0.6499999999999998]], "fy": 965.6844046797067, "fx": 965.6844046797067}, {"id": 52, "img_name": "m_4_10", "width": 800, "height": 800, "position": [-0.061288619950737144, 2.9654247090534156, -0.4499999999999996], "rotation": [[-0.9908522678779891, -0.13339571633716377, 0.020429539983579045], [4.923456916179109e-19, -0.15138482785253157, -0.9884749030178053], [0.1349510401628891, -0.9794325993956676, 0.14999999999999986]], "fy": 965.6844046797067, "fx": 965.6844046797067}, {"id": 53, "img_name": "m_2_10", "width": 800, "height": 800, "position": [-2.1593529050450457, 1.5857789983076203, -1.3500000000000003], "rotation": [[-0.5301131369569532, -0.44820823405898264, 0.7197843016816818], [-5.196861696130724e-18, -0.8488753977748366, -0.5285929994358735], [0.8479269202152142, -0.28021409310443585, 0.45000000000000007]], "fy": 965.6844046797067, "fx": 965.6844046797067}, {"id": 54, "img_name": "m_7_6", "width": 800, "height": 800, "position": [-1.557013584284053, 2.3394889823110785, 1.05], "rotation": [[0.5591127790388626, -0.6465502301698254, 0.5190045280946842], [-6.779330366661459e-17, -0.6259917732548774, -0.7798296607703594], [0.8290916115336352, 0.4360127288102493, -0.35000000000000003]], "fy": 965.6844046797067, "fx": 965.6844046797067}, {"id": 55, "img_name": "m_4_1", "width": 800, "height": 800, "position": [-0.061288619950737144, 2.9654247090534156, -0.4499999999999996], "rotation": [[-0.9908522678779891, -0.13339571633716377, 0.020429539983579045], [4.923456916179109e-19, -0.15138482785253157, -0.9884749030178053], [0.1349510401628891, -0.9794325993956676, 0.14999999999999986]], "fy": 965.6844046797067, "fx": 965.6844046797067}, {"id": 56, "img_name": "m_8_13", "width": 800, "height": 800, "position": [0.7376435617000543, 2.157169899632956, 1.9499999999999997], "rotation": [[0.9353170970835862, 0.254409845854776, -0.24588118723335148], [2.2911242897535678e-17, -0.6949514790510789, -0.7190566332109852], [-0.353810581954714, 0.6725459628135958, -0.65]], "fy": 965.6844046797067, "fx": 965.6844046797067}, {"id": 57, "img_name": "m_4_9", "width": 800, "height": 800, "position": [-0.061288619950737144, 2.9654247090534156, -0.4499999999999996], "rotation": [[-0.9908522678779891, -0.13339571633716377, 0.020429539983579045], [4.923456916179109e-19, -0.15138482785253157, -0.9884749030178053], [0.1349510401628891, -0.9794325993956676, 0.14999999999999986]], "fy": 965.6844046797067, "fx": 965.6844046797067}, {"id": 58, "img_name": "m_4_0", "width": 800, "height": 800, "position": [-0.061288619950737144, 2.9654247090534156, -0.4499999999999996], "rotation": [[-0.9908522678779891, -0.13339571633716377, 0.020429539983579045], [4.923456916179109e-19, -0.15138482785253157, -0.9884749030178053], [0.1349510401628891, -0.9794325993956676, 0.14999999999999986]], "fy": 965.6844046797067, "fx": 965.6844046797067}, {"id": 59, "img_name": "m_0_2", "width": 800, "height": 800, "position": [-0.33945456948336766, 0.8730810931734032, -2.85], "rotation": [[-0.992981366610987, -0.03442002861263492, 0.11315152316112252], [-7.478810189532939e-19, -0.9567148306541933, -0.29102703105780103], [0.11827089905541704, -0.28898441902051347, 0.9499999999999998]], "fy": 965.6844046797067, "fx": 965.6844046797067}, {"id": 60, "img_name": "m_10_6", "width": 800, "height": 800, "position": [0.8878290686080373, 0.2987633594244586, 2.85], "rotation": [[0.9547462537884557, 0.02961955590253922, -0.2959430228693458], [-6.99571935911903e-18, -0.995028779877771, -0.0995877864748195], [-0.29742157096772553, 0.09508106605991853, -0.9500000000000001]], "fy": 965.6844046797067, "fx": 965.6844046797067}, {"id": 61, "img_name": "m_3_12", "width": 800, "height": 800, "position": [2.793814321159206, 0.30348235349970704, -1.0500000000000003], "rotation": [[-0.35180472663778206, 0.09469392079722552, -0.931271440386402], [4.339530585088462e-18, -0.9948700898506116, -0.10116078449990233], [-0.9360734128877476, -0.03558884213745172, 0.3500000000000002]], "fy": 965.6844046797067, "fx": 965.6844046797067}, {"id": 62, "img_name": "m_2_5", "width": 800, "height": 800, "position": [-2.1593529050450457, 1.5857789983076203, -1.3500000000000003], "rotation": [[-0.5301131369569532, -0.44820823405898264, 0.7197843016816818], [-5.196861696130724e-18, -0.8488753977748366, -0.5285929994358735], [0.8479269202152142, -0.28021409310443585, 0.45000000000000007]], "fy": 965.6844046797067, "fx": 965.6844046797067}, {"id": 63, "img_name": "m_1_0", "width": 800, "height": 800, "position": [1.183624885479408, 1.9484691761672444, -1.9499999999999993], "rotation": [[-0.8548465686055678, 0.3370077855618034, -0.39454162849313595], [-4.3859024167730984e-17, -0.7603703680536318, -0.6494897253890815], [-0.5188808573683232, -0.5552140630934289, 0.6499999999999998]], "fy": 965.6844046797067, "fx": 965.6844046797067}, {"id": 64, "img_name": "m_7_10", "width": 800, "height": 800, "position": [-1.557013584284053, 2.3394889823110785, 1.05], "rotation": [[0.5591127790388626, -0.6465502301698254, 0.5190045280946842], [-6.779330366661459e-17, -0.6259917732548774, -0.7798296607703594], [0.8290916115336352, 0.4360127288102493, -0.35000000000000003]], "fy": 965.6844046797067, "fx": 965.6844046797067}, {"id": 65, "img_name": "m_0_1", "width": 800, "height": 800, "position": [-0.33945456948336766, 0.8730810931734032, -2.85], "rotation": [[-0.992981366610987, -0.03442002861263492, 0.11315152316112252], [-7.478810189532939e-19, -0.9567148306541933, -0.29102703105780103], [0.11827089905541704, -0.28898441902051347, 0.9499999999999998]], "fy": 965.6844046797067, "fx": 965.6844046797067}, {"id": 66, "img_name": "m_9_2", "width": 800, "height": 800, "position": [-1.4449105862335778, 0.6401042085396231, 2.55], "rotation": [[0.8700352710140692, -0.10518821359481381, 0.48163686207785933], [-1.3202711315652706e-17, -0.9769718864492504, -0.2133680695132077], [0.4929894797979722, 0.1856377461846724, -0.85]], "fy": 965.6844046797067, "fx": 965.6844046797067}, {"id": 67, "img_name": "m_7_7", "width": 800, "height": 800, "position": [-1.557013584284053, 2.3394889823110785, 1.05], "rotation": [[0.5591127790388626, -0.6465502301698254, 0.5190045280946842], [-6.779330366661459e-17, -0.6259917732548774, -0.7798296607703594], [0.8290916115336352, 0.4360127288102493, -0.35000000000000003]], "fy": 965.6844046797067, "fx": 965.6844046797067}, {"id": 68, "img_name": "m_6_7", "width": 800, "height": 800, "position": [2.316072898889973, 1.852918327133551, 0.4499999999999994], "rotation": [[0.1907277353404527, 0.6063014198834801, -0.7720242996299909], [5.26171175118911e-18, -0.7864613908000685, -0.6176394423778503], [-0.9816429753081832, 0.11780097210166743, -0.14999999999999983]], "fy": 965.6844046797067, "fx": 965.6844046797067}, {"id": 69, "img_name": "m_1_9", "width": 800, "height": 800, "position": [1.183624885479408, 1.9484691761672444, -1.9499999999999993], "rotation": [[-0.8548465686055678, 0.3370077855618034, -0.39454162849313595], [-4.3859024167730984e-17, -0.7603703680536318, -0.6494897253890815], [-0.5188808573683232, -0.5552140630934289, 0.6499999999999998]], "fy": 965.6844046797067, "fx": 965.6844046797067}, {"id": 70, "img_name": "m_8_1", "width": 800, "height": 800, "position": [0.7376435617000543, 2.157169899632956, 1.9499999999999997], "rotation": [[0.9353170970835862, 0.254409845854776, -0.24588118723335148], [2.2911242897535678e-17, -0.6949514790510789, -0.7190566332109852], [-0.353810581954714, 0.6725459628135958, -0.65]], "fy": 965.6844046797067, "fx": 965.6844046797067}, {"id": 71, "img_name": "m_1_7", "width": 800, "height": 800, "position": [1.183624885479408, 1.9484691761672444, -1.9499999999999993], "rotation": [[-0.8548465686055678, 0.3370077855618034, -0.39454162849313595], [-4.3859024167730984e-17, -0.7603703680536318, -0.6494897253890815], [-0.5188808573683232, -0.5552140630934289, 0.6499999999999998]], "fy": 965.6844046797067, "fx": 965.6844046797067}, {"id": 72, "img_name": "m_4_6", "width": 800, "height": 800, "position": [-0.061288619950737144, 2.9654247090534156, -0.4499999999999996], "rotation": [[-0.9908522678779891, -0.13339571633716377, 0.020429539983579045], [4.923456916179109e-19, -0.15138482785253157, -0.9884749030178053], [0.1349510401628891, -0.9794325993956676, 0.14999999999999986]], "fy": 965.6844046797067, "fx": 965.6844046797067}, {"id": 73, "img_name": "m_6_0", "width": 800, "height": 800, "position": [2.316072898889973, 1.852918327133551, 0.4499999999999994], "rotation": [[0.1907277353404527, 0.6063014198834801, -0.7720242996299909], [5.26171175118911e-18, -0.7864613908000685, -0.6176394423778503], [-0.9816429753081832, 0.11780097210166743, -0.14999999999999983]], "fy": 965.6844046797067, "fx": 965.6844046797067}, {"id": 74, "img_name": "m_3_4", "width": 800, "height": 800, "position": [2.793814321159206, 0.30348235349970704, -1.0500000000000003], "rotation": [[-0.35180472663778206, 0.09469392079722552, -0.931271440386402], [4.339530585088462e-18, -0.9948700898506116, -0.10116078449990233], [-0.9360734128877476, -0.03558884213745172, 0.3500000000000002]], "fy": 965.6844046797067, "fx": 965.6844046797067}, {"id": 75, "img_name": "m_5_4", "width": 800, "height": 800, "position": [-2.9895506060955004, 0.20021781537622932, 0.14999999999999997], "rotation": [[0.050111726632571685, -0.0666554217842709, 0.9965168686985001], [-2.1075082367601415e-19, -0.9977704493522864, -0.06673927179207645], [0.9987436181793113, 0.003344420143701437, -0.04999999999999998]], "fy": 965.6844046797067, "fx": 965.6844046797067}, {"id": 76, "img_name": "m_1_10", "width": 800, "height": 800, "position": [1.183624885479408, 1.9484691761672444, -1.9499999999999993], "rotation": [[-0.8548465686055678, 0.3370077855618034, -0.39454162849313595], [-4.3859024167730984e-17, -0.7603703680536318, -0.6494897253890815], [-0.5188808573683232, -0.5552140630934289, 0.6499999999999998]], "fy": 965.6844046797067, "fx": 965.6844046797067}, {"id": 77, "img_name": "m_2_6", "width": 800, "height": 800, "position": [-2.1593529050450457, 1.5857789983076203, -1.3500000000000003], "rotation": [[-0.5301131369569532, -0.44820823405898264, 0.7197843016816818], [-5.196861696130724e-18, -0.8488753977748366, -0.5285929994358735], [0.8479269202152142, -0.28021409310443585, 0.45000000000000007]], "fy": 965.6844046797067, "fx": 965.6844046797067}, {"id": 78, "img_name": "m_7_3", "width": 800, "height": 800, "position": [-1.557013584284053, 2.3394889823110785, 1.05], "rotation": [[0.5591127790388626, -0.6465502301698254, 0.5190045280946842], [-6.779330366661459e-17, -0.6259917732548774, -0.7798296607703594], [0.8290916115336352, 0.4360127288102493, -0.35000000000000003]], "fy": 965.6844046797067, "fx": 965.6844046797067}, {"id": 79, "img_name": "m_5_1", "width": 800, "height": 800, "position": [-2.9895506060955004, 0.20021781537622932, 0.14999999999999997], "rotation": [[0.050111726632571685, -0.0666554217842709, 0.9965168686985001], [-2.1075082367601415e-19, -0.9977704493522864, -0.06673927179207645], [0.9987436181793113, 0.003344420143701437, -0.04999999999999998]], "fy": 965.6844046797067, "fx": 965.6844046797067}, {"id": 80, "img_name": "m_2_9", "width": 800, "height": 800, "position": [-2.1593529050450457, 1.5857789983076203, -1.3500000000000003], "rotation": [[-0.5301131369569532, -0.44820823405898264, 0.7197843016816818], [-5.196861696130724e-18, -0.8488753977748366, -0.5285929994358735], [0.8479269202152142, -0.28021409310443585, 0.45000000000000007]], "fy": 965.6844046797067, "fx": 965.6844046797067}, {"id": 81, "img_name": "m_9_5", "width": 800, "height": 800, "position": [-1.4449105862335778, 0.6401042085396231, 2.55], "rotation": [[0.8700352710140692, -0.10518821359481381, 0.48163686207785933], [-1.3202711315652706e-17, -0.9769718864492504, -0.2133680695132077], [0.4929894797979722, 0.1856377461846724, -0.85]], "fy": 965.6844046797067, "fx": 965.6844046797067}, {"id": 82, "img_name": "m_3_3", "width": 800, "height": 800, "position": [2.793814321159206, 0.30348235349970704, -1.0500000000000003], "rotation": [[-0.35180472663778206, 0.09469392079722552, -0.931271440386402], [4.339530585088462e-18, -0.9948700898506116, -0.10116078449990233], [-0.9360734128877476, -0.03558884213745172, 0.3500000000000002]], "fy": 965.6844046797067, "fx": 965.6844046797067}, {"id": 83, "img_name": "m_0_13", "width": 800, "height": 800, "position": [-0.33945456948336766, 0.8730810931734032, -2.85], "rotation": [[-0.992981366610987, -0.03442002861263492, 0.11315152316112252], [-7.478810189532939e-19, -0.9567148306541933, -0.29102703105780103], [0.11827089905541704, -0.28898441902051347, 0.9499999999999998]], "fy": 965.6844046797067, "fx": 965.6844046797067}, {"id": 84, "img_name": "m_6_6", "width": 800, "height": 800, "position": [2.316072898889973, 1.852918327133551, 0.4499999999999994], "rotation": [[0.1907277353404527, 0.6063014198834801, -0.7720242996299909], [5.26171175118911e-18, -0.7864613908000685, -0.6176394423778503], [-0.9816429753081832, 0.11780097210166743, -0.14999999999999983]], "fy": 965.6844046797067, "fx": 965.6844046797067}, {"id": 85, "img_name": "m_2_2", "width": 800, "height": 800, "position": [-2.1593529050450457, 1.5857789983076203, -1.3500000000000003], "rotation": [[-0.5301131369569532, -0.44820823405898264, 0.7197843016816818], [-5.196861696130724e-18, -0.8488753977748366, -0.5285929994358735], [0.8479269202152142, -0.28021409310443585, 0.45000000000000007]], "fy": 965.6844046797067, "fx": 965.6844046797067}, {"id": 86, "img_name": "m_4_8", "width": 800, "height": 800, "position": [-0.061288619950737144, 2.9654247090534156, -0.4499999999999996], "rotation": [[-0.9908522678779891, -0.13339571633716377, 0.020429539983579045], [4.923456916179109e-19, -0.15138482785253157, -0.9884749030178053], [0.1349510401628891, -0.9794325993956676, 0.14999999999999986]], "fy": 965.6844046797067, "fx": 965.6844046797067}, {"id": 87, "img_name": "m_2_1", "width": 800, "height": 800, "position": [-2.1593529050450457, 1.5857789983076203, -1.3500000000000003], "rotation": [[-0.5301131369569532, -0.44820823405898264, 0.7197843016816818], [-5.196861696130724e-18, -0.8488753977748366, -0.5285929994358735], [0.8479269202152142, -0.28021409310443585, 0.45000000000000007]], "fy": 965.6844046797067, "fx": 965.6844046797067}, {"id": 88, "img_name": "m_1_4", "width": 800, "height": 800, "position": [1.183624885479408, 1.9484691761672444, -1.9499999999999993], "rotation": [[-0.8548465686055678, 0.3370077855618034, -0.39454162849313595], [-4.3859024167730984e-17, -0.7603703680536318, -0.6494897253890815], [-0.5188808573683232, -0.5552140630934289, 0.6499999999999998]], "fy": 965.6844046797067, "fx": 965.6844046797067}, {"id": 89, "img_name": "m_9_12", "width": 800, "height": 800, "position": [-1.4449105862335778, 0.6401042085396231, 2.55], "rotation": [[0.8700352710140692, -0.10518821359481381, 0.48163686207785933], [-1.3202711315652706e-17, -0.9769718864492504, -0.2133680695132077], [0.4929894797979722, 0.1856377461846724, -0.85]], "fy": 965.6844046797067, "fx": 965.6844046797067}, {"id": 90, "img_name": "m_0_8", "width": 800, "height": 800, "position": [-0.33945456948336766, 0.8730810931734032, -2.85], "rotation": [[-0.992981366610987, -0.03442002861263492, 0.11315152316112252], [-7.478810189532939e-19, -0.9567148306541933, -0.29102703105780103], [0.11827089905541704, -0.28898441902051347, 0.9499999999999998]], "fy": 965.6844046797067, "fx": 965.6844046797067}, {"id": 91, "img_name": "m_0_0", "width": 800, "height": 800, "position": [-0.33945456948336766, 0.8730810931734032, -2.85], "rotation": [[-0.992981366610987, -0.03442002861263492, 0.11315152316112252], [-7.478810189532939e-19, -0.9567148306541933, -0.29102703105780103], [0.11827089905541704, -0.28898441902051347, 0.9499999999999998]], "fy": 965.6844046797067, "fx": 965.6844046797067}, {"id": 92, "img_name": "m_2_8", "width": 800, "height": 800, "position": [-2.1593529050450457, 1.5857789983076203, -1.3500000000000003], "rotation": [[-0.5301131369569532, -0.44820823405898264, 0.7197843016816818], [-5.196861696130724e-18, -0.8488753977748366, -0.5285929994358735], [0.8479269202152142, -0.28021409310443585, 0.45000000000000007]], "fy": 965.6844046797067, "fx": 965.6844046797067}, {"id": 93, "img_name": "m_5_13", "width": 800, "height": 800, "position": [-2.9895506060955004, 0.20021781537622932, 0.14999999999999997], "rotation": [[0.050111726632571685, -0.0666554217842709, 0.9965168686985001], [-2.1075082367601415e-19, -0.9977704493522864, -0.06673927179207645], [0.9987436181793113, 0.003344420143701437, -0.04999999999999998]], "fy": 965.6844046797067, "fx": 965.6844046797067}, {"id": 94, "img_name": "m_7_13", "width": 800, "height": 800, "position": [-1.557013584284053, 2.3394889823110785, 1.05], "rotation": [[0.5591127790388626, -0.6465502301698254, 0.5190045280946842], [-6.779330366661459e-17, -0.6259917732548774, -0.7798296607703594], [0.8290916115336352, 0.4360127288102493, -0.35000000000000003]], "fy": 965.6844046797067, "fx": 965.6844046797067}, {"id": 95, "img_name": "m_10_13", "width": 800, "height": 800, "position": [0.8878290686080373, 0.2987633594244586, 2.85], "rotation": [[0.9547462537884557, 0.02961955590253922, -0.2959430228693458], [-6.99571935911903e-18, -0.995028779877771, -0.0995877864748195], [-0.29742157096772553, 0.09508106605991853, -0.9500000000000001]], "fy": 965.6844046797067, "fx": 965.6844046797067}, {"id": 96, "img_name": "m_3_9", "width": 800, "height": 800, "position": [2.793814321159206, 0.30348235349970704, -1.0500000000000003], "rotation": [[-0.35180472663778206, 0.09469392079722552, -0.931271440386402], [4.339530585088462e-18, -0.9948700898506116, -0.10116078449990233], [-0.9360734128877476, -0.03558884213745172, 0.3500000000000002]], "fy": 965.6844046797067, "fx": 965.6844046797067}, {"id": 97, "img_name": "m_7_4", "width": 800, "height": 800, "position": [-1.557013584284053, 2.3394889823110785, 1.05], "rotation": [[0.5591127790388626, -0.6465502301698254, 0.5190045280946842], [-6.779330366661459e-17, -0.6259917732548774, -0.7798296607703594], [0.8290916115336352, 0.4360127288102493, -0.35000000000000003]], "fy": 965.6844046797067, "fx": 965.6844046797067}, {"id": 98, "img_name": "m_7_5", "width": 800, "height": 800, "position": [-1.557013584284053, 2.3394889823110785, 1.05], "rotation": [[0.5591127790388626, -0.6465502301698254, 0.5190045280946842], [-6.779330366661459e-17, -0.6259917732548774, -0.7798296607703594], [0.8290916115336352, 0.4360127288102493, -0.35000000000000003]], "fy": 965.6844046797067, "fx": 965.6844046797067}, {"id": 99, "img_name": "m_1_2", "width": 800, "height": 800, "position": [1.183624885479408, 1.9484691761672444, -1.9499999999999993], "rotation": [[-0.8548465686055678, 0.3370077855618034, -0.39454162849313595], [-4.3859024167730984e-17, -0.7603703680536318, -0.6494897253890815], [-0.5188808573683232, -0.5552140630934289, 0.6499999999999998]], "fy": 965.6844046797067, "fx": 965.6844046797067}, {"id": 100, "img_name": "m_10_11", "width": 800, "height": 800, "position": [0.8878290686080373, 0.2987633594244586, 2.85], "rotation": [[0.9547462537884557, 0.02961955590253922, -0.2959430228693458], [-6.99571935911903e-18, -0.995028779877771, -0.0995877864748195], [-0.29742157096772553, 0.09508106605991853, -0.9500000000000001]], "fy": 965.6844046797067, "fx": 965.6844046797067}, {"id": 101, "img_name": "m_3_10", "width": 800, "height": 800, "position": [2.793814321159206, 0.30348235349970704, -1.0500000000000003], "rotation": [[-0.35180472663778206, 0.09469392079722552, -0.931271440386402], [4.339530585088462e-18, -0.9948700898506116, -0.10116078449990233], [-0.9360734128877476, -0.03558884213745172, 0.3500000000000002]], "fy": 965.6844046797067, "fx": 965.6844046797067}, {"id": 102, "img_name": "m_2_11", "width": 800, "height": 800, "p