[{"id": 0, "img_name": "m_0_0", "width": 800, "height": 800, "position": [-0.3394545694833677, 0.8730810931734032, -2.85], "rotation": [[-0.9929813666109871, -0.03442002861263492, 0.11315152316112254], [-0.0, -0.9567148306541932, -0.2910270310578011], [0.11827089905541706, -0.2889844190205134, 0.9499999999999998]], "fy": 1492.820323027551, "fx": 1492.820323027551}, {"id": 1, "img_name": "m_0_1", "width": 800, "height": 800, "position": [-0.3394545694833677, 0.8730810931734032, -2.85], "rotation": [[-0.9929813666109871, -0.03442002861263492, 0.11315152316112254], [-0.0, -0.9567148306541932, -0.2910270310578011], [0.11827089905541706, -0.2889844190205134, 0.9499999999999998]], "fy": 1492.820323027551, "fx": 1492.820323027551}, {"id": 2, "img_name": "m_0_2", "width": 800, "height": 800, "position": [-0.3394545694833677, 0.8730810931734032, -2.85], "rotation": [[-0.9929813666109871, -0.03442002861263492, 0.11315152316112254], [-0.0, -0.9567148306541932, -0.2910270310578011], [0.11827089905541706, -0.2889844190205134, 0.9499999999999998]], "fy": 1492.820323027551, "fx": 1492.820323027551}, {"id": 3, "img_name": "m_0_3", "width": 800, "height": 800, "position": [-0.3394545694833677, 0.8730810931734032, -2.85], "rotation": [[-0.9929813666109871, -0.03442002861263492, 0.11315152316112254], [-0.0, -0.9567148306541932, -0.2910270310578011], [0.11827089905541706, -0.2889844190205134, 0.9499999999999998]], "fy": 1492.820323027551, "fx": 1492.820323027551}, {"id": 4, "img_name": "m_0_4", "width": 800, "height": 800, "position": [-0.3394545694833677, 0.8730810931734032, -2.85], "rotation": [[-0.9929813666109871, -0.03442002861263492, 0.11315152316112254], [-0.0, -0.9567148306541932, -0.2910270310578011], [0.11827089905541706, -0.2889844190205134, 0.9499999999999998]], "fy": 1492.820323027551, "fx": 1492.820323027551}, {"id": 5, "img_name": "m_0_5", "width": 800, "height": 800, "position": [-0.3394545694833677, 0.8730810931734032, -2.85], "rotation": [[-0.9929813666109871, -0.03442002861263492, 0.11315152316112254], [-0.0, -0.9567148306541932, -0.2910270310578011], [0.11827089905541706, -0.2889844190205134, 0.9499999999999998]], "fy": 1492.820323027551, "fx": 1492.820323027551}, {"id": 6, "img_name": "m_0_6", "width": 800, "height": 800, "position": [-0.3394545694833677, 0.8730810931734032, -2.85], "rotation": [[-0.9929813666109871, -0.03442002861263492, 0.11315152316112254], [-0.0, -0.9567148306541932, -0.2910270310578011], [0.11827089905541706, -0.2889844190205134, 0.9499999999999998]], "fy": 1492.820323027551, "fx": 1492.820323027551}, {"id": 7, "img_name": "m_0_7", "width": 800, "height": 800, "position": [-0.3394545694833677, 0.8730810931734032, -2.85], "rotation": [[-0.9929813666109871, -0.03442002861263492, 0.11315152316112254], [-0.0, -0.9567148306541932, -0.2910270310578011], [0.11827089905541706, -0.2889844190205134, 0.9499999999999998]], "fy": 1492.820323027551, "fx": 1492.820323027551}, {"id": 8, "img_name": "m_0_8", "width": 800, "height": 800, "position": [-0.3394545694833677, 0.8730810931734032, -2.85], "rotation": [[-0.9929813666109871, -0.03442002861263492, 0.11315152316112254], [-0.0, -0.9567148306541932, -0.2910270310578011], [0.11827089905541706, -0.2889844190205134, 0.9499999999999998]], "fy": 1492.820323027551, "fx": 1492.820323027551}, {"id": 9, "img_name": "m_0_9", "width": 800, "height": 800, "position": [-0.3394545694833677, 0.8730810931734032, -2.85], "rotation": [[-0.9929813666109871, -0.03442002861263492, 0.11315152316112254], [-0.0, -0.9567148306541932, -0.2910270310578011], [0.11827089905541706, -0.2889844190205134, 0.9499999999999998]], "fy": 1492.820323027551, "fx": 1492.820323027551}, {"id": 10, "img_name": "m_0_10", "width": 800, "height": 800, "position": [-0.3394545694833677, 0.8730810931734032, -2.85], "rotation": [[-0.9929813666109871, -0.03442002861263492, 0.11315152316112254], [-0.0, -0.9567148306541932, -0.2910270310578011], [0.11827089905541706, -0.2889844190205134, 0.9499999999999998]], "fy": 1492.820323027551, "fx": 1492.820323027551}, {"id": 11, "img_name": "m_0_11", "width": 800, "height": 800, "position": [-0.3394545694833677, 0.8730810931734032, -2.85], "rotation": [[-0.9929813666109871, -0.03442002861263492, 0.11315152316112254], [-0.0, -0.9567148306541932, -0.2910270310578011], [0.11827089905541706, -0.2889844190205134, 0.9499999999999998]], "fy": 1492.820323027551, "fx": 1492.820323027551}, {"id": 12, "img_name": "m_0_12", "width": 800, "height": 800, "position": [-0.3394545694833677, 0.8730810931734032, -2.85], "rotation": [[-0.9929813666109871, -0.03442002861263492, 0.11315152316112254], [-0.0, -0.9567148306541932, -0.2910270310578011], [0.11827089905541706, -0.2889844190205134, 0.9499999999999998]], "fy": 1492.820323027551, "fx": 1492.820323027551}, {"id": 13, "img_name": "m_0_13", "width": 800, "height": 800, "position": [-0.3394545694833677, 0.8730810931734032, -2.85], "rotation": [[-0.9929813666109871, -0.03442002861263492, 0.11315152316112254], [-0.0, -0.9567148306541932, -0.2910270310578011], [0.11827089905541706, -0.2889844190205134, 0.9499999999999998]], "fy": 1492.820323027551, "fx": 1492.820323027551}, {"id": 14, "img_name": "m_0_14", "width": 800, "height": 800, "position": [-0.3394545694833677, 0.8730810931734032, -2.85], "rotation": [[-0.9929813666109871, -0.03442002861263492, 0.11315152316112254], [-0.0, -0.9567148306541932, -0.2910270310578011], [0.11827089905541706, -0.2889844190205134, 0.9499999999999998]], "fy": 1492.820323027551, "fx": 1492.820323027551}, {"id": 15, "img_name": "m_0_15", "width": 800, "height": 800, "position": [-0.3394545694833677, 0.8730810931734032, -2.85], "rotation": [[-0.9929813666109871, -0.03442002861263492, 0.11315152316112254], [-0.0, -0.9567148306541932, -0.2910270310578011], [0.11827089905541706, -0.2889844190205134, 0.9499999999999998]], "fy": 1492.820323027551, "fx": 1492.820323027551}, {"id": 16, "img_name": "m_0_16", "width": 800, "height": 800, "position": [-0.3394545694833677, 0.8730810931734032, -2.85], "rotation": [[-0.9929813666109871, -0.03442002861263492, 0.11315152316112254], [-0.0, -0.9567148306541932, -0.2910270310578011], [0.11827089905541706, -0.2889844190205134, 0.9499999999999998]], "fy": 1492.820323027551, "fx": 1492.820323027551}, {"id": 17, "img_name": "m_0_17", "width": 800, "height": 800, "position": [-0.3394545694833677, 0.8730810931734032, -2.85], "rotation": [[-0.9929813666109871, -0.03442002861263492, 0.11315152316112254], [-0.0, -0.9567148306541932, -0.2910270310578011], [0.11827089905541706, -0.2889844190205134, 0.9499999999999998]], "fy": 1492.820323027551, "fx": 1492.820323027551}, {"id": 18, "img_name": "m_0_18", "width": 800, "height": 800, "position": [-0.3394545694833677, 0.8730810931734032, -2.85], "rotation": [[-0.9929813666109871, -0.03442002861263492, 0.11315152316112254], [-0.0, -0.9567148306541932, -0.2910270310578011], [0.11827089905541706, -0.2889844190205134, 0.9499999999999998]], "fy": 1492.820323027551, "fx": 1492.820323027551}, {"id": 19, "img_name": "m_0_19", "width": 800, "height": 800, "position": [-0.3394545694833677, 0.8730810931734032, -2.85], "rotation": [[-0.9929813666109871, -0.03442002861263492, 0.11315152316112254], [-0.0, -0.9567148306541932, -0.2910270310578011], [0.11827089905541706, -0.2889844190205134, 0.9499999999999998]], "fy": 1492.820323027551, "fx": 1492.820323027551}, {"id": 20, "img_name": "m_0_20", "width": 800, "height": 800, "position": [-0.3394545694833677, 0.8730810931734032, -2.85], "rotation": [[-0.9929813666109871, -0.03442002861263492, 0.11315152316112254], [-0.0, -0.9567148306541932, -0.2910270310578011], [0.11827089905541706, -0.2889844190205134, 0.9499999999999998]], "fy": 1492.820323027551, "fx": 1492.820323027551}, {"id": 21, "img_name": "m_0_21", "width": 800, "height": 800, "position": [-0.3394545694833677, 0.8730810931734032, -2.85], "rotation": [[-0.9929813666109871, -0.03442002861263492, 0.11315152316112254], [-0.0, -0.9567148306541932, -0.2910270310578011], [0.11827089905541706, -0.2889844190205134, 0.9499999999999998]], "fy": 1492.820323027551, "fx": 1492.820323027551}, {"id": 22, "img_name": "m_0_22", "width": 800, "height": 800, "position": [-0.3394545694833677, 0.8730810931734032, -2.85], "rotation": [[-0.9929813666109871, -0.03442002861263492, 0.11315152316112254], [-0.0, -0.9567148306541932, -0.2910270310578011], [0.11827089905541706, -0.2889844190205134, 0.9499999999999998]], "fy": 1492.820323027551, "fx": 1492.820323027551}, {"id": 23, "img_name": "m_0_23", "width": 800, "height": 800, "position": [-0.3394545694833677, 0.8730810931734032, -2.85], "rotation": [[-0.9929813666109871, -0.03442002861263492, 0.11315152316112254], [-0.0, -0.9567148306541932, -0.2910270310578011], [0.11827089905541706, -0.2889844190205134, 0.9499999999999998]], "fy": 1492.820323027551, "fx": 1492.820323027551}, {"id": 24, "img_name": "m_0_24", "width": 800, "height": 800, "position": [-0.3394545694833677, 0.8730810931734032, -2.85], "rotation": [[-0.9929813666109871, -0.03442002861263492, 0.11315152316112254], [-0.0, -0.9567148306541932, -0.2910270310578011], [0.11827089905541706, -0.2889844190205134, 0.9499999999999998]], "fy": 1492.820323027551, "fx": 1492.820323027551}, {"id": 25, "img_name": "m_0_25", "width": 800, "height": 800, "position": [-0.3394545694833677, 0.8730810931734032, -2.85], "rotation": [[-0.9929813666109871, -0.03442002861263492, 0.11315152316112254], [-0.0, -0.9567148306541932, -0.2910270310578011], [0.11827089905541706, -0.2889844190205134, 0.9499999999999998]], "fy": 1492.820323027551, "fx": 1492.820323027551}, {"id": 26, "img_name": "m_0_26", "width": 800, "height": 800, "position": [-0.3394545694833677, 0.8730810931734032, -2.85], "rotation": [[-0.9929813666109871, -0.03442002861263492, 0.11315152316112254], [-0.0, -0.9567148306541932, -0.2910270310578011], [0.11827089905541706, -0.2889844190205134, 0.9499999999999998]], "fy": 1492.820323027551, "fx": 1492.820323027551}, {"id": 27, "img_name": "m_0_27", "width": 800, "height": 800, "position": [-0.3394545694833677, 0.8730810931734032, -2.85], "rotation": [[-0.9929813666109871, -0.03442002861263492, 0.11315152316112254], [-0.0, -0.9567148306541932, -0.2910270310578011], [0.11827089905541706, -0.2889844190205134, 0.9499999999999998]], "fy": 1492.820323027551, "fx": 1492.820323027551}, {"id": 28, "img_name": "m_0_28", "width": 800, "height": 800, "position": [-0.3394545694833677, 0.8730810931734032, -2.85], "rotation": [[-0.9929813666109871, -0.03442002861263492, 0.11315152316112254], [-0.0, -0.9567148306541932, -0.2910270310578011], [0.11827089905541706, -0.2889844190205134, 0.9499999999999998]], "fy": 1492.820323027551, "fx": 1492.820323027551}, {"id": 29, "img_name": "m_0_29", "width": 800, "height": 800, "position": [-0.3394545694833677, 0.8730810931734032, -2.85], "rotation": [[-0.9929813666109871, -0.03442002861263492, 0.11315152316112254], [-0.0, -0.9567148306541932, -0.2910270310578011], [0.11827089905541706, -0.2889844190205134, 0.9499999999999998]], "fy": 1492.820323027551, "fx": 1492.820323027551}, {"id": 30, "img_name": "m_0_0", "width": 800, "height": 800, "position": [-0.3394545694833677, 0.8730810931734032, -2.85], "rotation": [[-0.9929813666109871, -0.03442002861263492, 0.11315152316112254], [-0.0, -0.9567148306541932, -0.2910270310578011], [0.11827089905541706, -0.2889844190205134, 0.9499999999999998]], "fy": 1492.820323027551, "fx": 1492.820323027551}, {"id": 31, "img_name": "m_1_0", "width": 800, "height": 800, "position": [1.1836248854794085, 1.9484691761672441, -1.9499999999999986], "rotation": [[-0.8548465686055678, 0.3370077855618034, -0.39454162849313584], [-7.300541099905465e-17, -0.7603703680536319, -0.6494897253890816], [-0.5188808573683232, -0.5552140630934288, 0.6499999999999995]], "fy": 1492.820323027551, "fx": 1492.820323027551}, {"id": 32, "img_name": "m_2_0", "width": 800, "height": 800, "position": [-2.159352905045046, 1.58577899830762, -1.35], "rotation": [[-0.5301131369569533, -0.4482082340589826, 0.7197843016816821], [-3.995605522453715e-17, -0.8488753977748363, -0.5285929994358732], [0.8479269202152142, -0.2802140931044358, 0.4500000000000001]], "fy": 1492.820323027551, "fx": 1492.820323027551}, {"id": 33, "img_name": "m_3_0", "width": 800, "height": 800, "position": [2.7938143211592057, 0.30348235349970704, -1.0500000000000007], "rotation": [[-0.35180472663778206, 0.09469392079722554, -0.931271440386402], [-0.0, -0.9948700898506116, -0.10116078449990235], [-0.9360734128877476, -0.035588842137451726, 0.3500000000000002]], "fy": 1492.820323027551, "fx": 1492.820323027551}, {"id": 34, "img_name": "m_4_0", "width": 800, "height": 800, "position": [-0.06128861995073713, 2.9654247090534156, -0.44999999999999957], "rotation": [[-0.990852267877989, -0.13339571633716377, 0.02042953998357905], [3.509898876907672e-18, -0.15138482785253157, -0.9884749030178053], [0.1349510401628891, -0.9794325993956676, 0.14999999999999988]], "fy": 1492.820323027551, "fx": 1492.820323027551}, {"id": 35, "img_name": "m_5_0", "width": 800, "height": 800, "position": [-2.9895506060955004, 0.20021781537622935, 0.14999999999999994], "rotation": [[0.05011172663257169, -0.0666554217842709, 0.9965168686985001], [-8.643406031690926e-19, -0.9977704493522864, -0.06673927179207645], [0.9987436181793113, 0.0033444201437014365, -0.04999999999999998]], "fy": 1492.820323027551, "fx": 1492.820323027551}, {"id": 36, "img_name": "m_6_0", "width": 800, "height": 800, "position": [2.316072898889973, 1.852918327133551, 0.44999999999999946], "rotation": [[0.19072773534045276, 0.6063014198834802, -0.772024299629991], [1.0713989412741585e-17, -0.7864613908000685, -0.6176394423778503], [-0.9816429753081832, 0.11780097210166741, -0.14999999999999983]], "fy": 1492.820323027551, "fx": 1492.820323027551}, {"id": 37, "img_name": "m_7_0", "width": 800, "height": 800, "position": [-1.5570135842840522, 2.339488982311078, 1.0499999999999998], "rotation": [[0.5591127790388625, -0.6465502301698253, 0.5190045280946841], [-0.0, -0.6259917732548773, -0.7798296607703594], [0.829091611533635, 0.4360127288102492, -0.35]], "fy": 1492.820323027551, "fx": 1492.820323027551}, {"id": 38, "img_name": "m_8_0", "width": 800, "height": 800, "position": [0.7376435617000542, 2.157169899632956, 1.9499999999999997], "rotation": [[0.935317097083586, 0.25440984585477605, -0.24588118723335145], [7.719997100001684e-17, -0.694951479051079, -0.7190566332109855], [-0.35381058195471393, 0.6725459628135959, -0.6499999999999999]], "fy": 1492.820323027551, "fx": 1492.820323027551}, {"id": 39, "img_name": "m_9_0", "width": 800, "height": 800, "position": [-1.444910586233578, 0.640104208539623, 2.55], "rotation": [[0.8700352710140691, -0.10518821359481381, 0.4816368620778594], [-0.0, -0.9769718864492504, -0.2133680695132077], [0.49298947979797214, 0.1856377461846724, -0.85]], "fy": 1492.820323027551, "fx": 1492.820323027551}, {"id": 40, "img_name": "m_10_0", "width": 800, "height": 800, "position": [0.8878290686080378, 0.2987633594244586, 2.85], "rotation": [[0.9547462537884558, 0.02961955590253923, -0.2959430228693458], [-6.973561010727348e-18, -0.9950287798777712, -0.09958778647481951], [-0.2974215709677256, 0.09508106605991856, -0.9499999999999998]], "fy": 1492.820323027551, "fx": 1492.820323027551}, {"id": 41, "img_name": "m_0_1", "width": 800, "height": 800, "position": [-0.3394545694833677, 0.8730810931734032, -2.85], "rotation": [[-0.9929813666109871, -0.03442002861263492, 0.11315152316112254], [-0.0, -0.9567148306541932, -0.2910270310578011], [0.11827089905541706, -0.2889844190205134, 0.9499999999999998]], "fy": 1492.820323027551, "fx": 1492.820323027551}, {"id": 42, "img_name": "m_1_1", "width": 800, "height": 800, "position": [1.1836248854794085, 1.9484691761672441, -1.9499999999999986], "rotation": [[-0.8548465686055678, 0.3370077855618034, -0.39454162849313584], [-7.300541099905465e-17, -0.7603703680536319, -0.6494897253890816], [-0.5188808573683232, -0.5552140630934288, 0.6499999999999995]], "fy": 1492.820323027551, "fx": 1492.820323027551}, {"id": 43, "img_name": "m_2_1", "width": 800, "height": 800, "position": [-2.159352905045046, 1.58577899830762, -1.35], "rotation": [[-0.5301131369569533, -0.4482082340589826, 0.7197843016816821], [-3.995605522453715e-17, -0.8488753977748363, -0.5285929994358732], [0.8479269202152142, -0.2802140931044358, 0.4500000000000001]], "fy": 1492.820323027551, "fx": 1492.820323027551}, {"id": 44, "img_name": "m_3_1", "width": 800, "height": 800, "position": [2.7938143211592057, 0.30348235349970704, -1.0500000000000007], "rotation": [[-0.35180472663778206, 0.09469392079722554, -0.931271440386402], [-0.0, -0.9948700898506116, -0.10116078449990235], [-0.9360734128877476, -0.035588842137451726, 0.3500000000000002]], "fy": 1492.820323027551, "fx": 1492.820323027551}, {"id": 45, "img_name": "m_4_1", "width": 800, "height": 800, "position": [-0.06128861995073713, 2.9654247090534156, -0.44999999999999957], "rotation": [[-0.990852267877989, -0.13339571633716377, 0.02042953998357905], [3.509898876907672e-18, -0.15138482785253157, -0.9884749030178053], [0.1349510401628891, -0.9794325993956676, 0.14999999999999988]], "fy": 1492.820323027551, "fx": 1492.820323027551}, {"id": 46, "img_name": "m_5_1", "width": 800, "height": 800, "position": [-2.9895506060955004, 0.20021781537622935, 0.14999999999999994], "rotation": [[0.05011172663257169, -0.0666554217842709, 0.9965168686985001], [-8.643406031690926e-19, -0.9977704493522864, -0.06673927179207645], [0.9987436181793113, 0.0033444201437014365, -0.04999999999999998]], "fy": 1492.820323027551, "fx": 1492.820323027551}, {"id": 47, "img_name": "m_6_1", "width": 800, "height": 800, "position": [2.316072898889973, 1.852918327133551, 0.44999999999999946], "rotation": [[0.19072773534045276, 0.6063014198834802, -0.772024299629991], [1.0713989412741585e-17, -0.7864613908000685, -0.6176394423778503], [-0.9816429753081832, 0.11780097210166741, -0.14999999999999983]], "fy": 1492.820323027551, "fx": 1492.820323027551}, {"id": 48, "img_name": "m_7_1", "width": 800, "height": 800, "position": [-1.5570135842840522, 2.339488982311078, 1.0499999999999998], "rotation": [[0.5591127790388625, -0.6465502301698253, 0.5190045280946841], [-0.0, -0.6259917732548773, -0.7798296607703594], [0.829091611533635, 0.4360127288102492, -0.35]], "fy": 1492.820323027551, "fx": 1492.820323027551}, {"id": 49, "img_name": "m_8_1", "width": 800, "height": 800, "position": [0.7376435617000542, 2.157169899632956, 1.9499999999999997], "rotation": [[0.935317097083586, 0.25440984585477605, -0.24588118723335145], [7.719997100001684e-17, -0.694951479051079, -0.7190566332109855], [-0.35381058195471393, 0.6725459628135959, -0.6499999999999999]], "fy": 1492.820323027551, "fx": 1492.820323027551}, {"id": 50, "img_name": "m_9_1", "width": 800, "height": 800, "position": [-1.444910586233578, 0.640104208539623, 2.55], "rotation": [[0.8700352710140691, -0.10518821359481381, 0.4816368620778594], [-0.0, -0.9769718864492504, -0.2133680695132077], [0.49298947979797214, 0.1856377461846724, -0.85]], "fy": 1492.820323027551, "fx": 1492.820323027551}, {"id": 51, "img_name": "m_10_1", "width": 800, "height": 800, "position": [0.8878290686080378, 0.2987633594244586, 2.85], "rotation": [[0.9547462537884558, 0.02961955590253923, -0.2959430228693458], [-6.973561010727348e-18, -0.9950287798777712, -0.09958778647481951], [-0.2974215709677256, 0.09508106605991856, -0.9499999999999998]], "fy": 1492.820323027551, "fx": 1492.820323027551}, {"id": 52, "img_name": "m_0_2", "width": 800, "height": 800, "position": [-0.3394545694833677, 0.8730810931734032, -2.85], "rotation": [[-0.9929813666109871, -0.03442002861263492, 0.11315152316112254], [-0.0, -0.9567148306541932, -0.2910270310578011], [0.11827089905541706, -0.2889844190205134, 0.9499999999999998]], "fy": 1492.820323027551, "fx": 1492.820323027551}, {"id": 53, "img_name": "m_1_2", "width": 800, "height": 800, "position": [1.1836248854794085, 1.9484691761672441, -1.9499999999999986], "rotation": [[-0.8548465686055678, 0.3370077855618034, -0.39454162849313584], [-7.300541099905465e-17, -0.7603703680536319, -0.6494897253890816], [-0.5188808573683232, -0.5552140630934288, 0.6499999999999995]], "fy": 1492.820323027551, "fx": 1492.820323027551}, {"id": 54, "img_name": "m_2_2", "width": 800, "height": 800, "position": [-2.159352905045046, 1.58577899830762, -1.35], "rotation": [[-0.5301131369569533, -0.4482082340589826, 0.7197843016816821], [-3.995605522453715e-17, -0.8488753977748363, -0.5285929994358732], [0.8479269202152142, -0.2802140931044358, 0.4500000000000001]], "fy": 1492.820323027551, "fx": 1492.820323027551}, {"id": 55, "img_name": "m_3_2", "width": 800, "height": 800, "position": [2.7938143211592057, 0.30348235349970704, -1.0500000000000007], "rotation": [[-0.35180472663778206, 0.09469392079722554, -0.931271440386402], [-0.0, -0.9948700898506116, -0.10116078449990235], [-0.9360734128877476, -0.035588842137451726, 0.3500000000000002]], "fy": 1492.820323027551, "fx": 1492.820323027551}, {"id": 56, "img_name": "m_4_2", "width": 800, "height": 800, "position": [-0.06128861995073713, 2.9654247090534156, -0.44999999999999957], "rotation": [[-0.990852267877989, -0.13339571633716377, 0.02042953998357905], [3.509898876907672e-18, -0.15138482785253157, -0.9884749030178053], [0.1349510401628891, -0.9794325993956676, 0.14999999999999988]], "fy": 1492.820323027551, "fx": 1492.820323027551}, {"id": 57, "img_name": "m_5_2", "width": 800, "height": 800, "position": [-2.9895506060955004, 0.20021781537622935, 0.14999999999999994], "rotation": [[0.05011172663257169, -0.0666554217842709, 0.9965168686985001], [-8.643406031690926e-19, -0.9977704493522864, -0.06673927179207645], [0.9987436181793113, 0.0033444201437014365, -0.04999999999999998]], "fy": 1492.820323027551, "fx": 1492.820323027551}, {"id": 58, "img_name": "m_6_2", "width": 800, "height": 800, "position": [2.316072898889973, 1.852918327133551, 0.44999999999999946], "rotation": [[0.19072773534045276, 0.6063014198834802, -0.772024299629991], [1.0713989412741585e-17, -0.7864613908000685, -0.6176394423778503], [-0.9816429753081832, 0.11780097210166741, -0.14999999999999983]], "fy": 1492.820323027551, "fx": 1492.820323027551}, {"id": 59, "img_name": "m_7_2", "width": 800, "height": 800, "position": [-1.5570135842840522, 2.339488982311078, 1.0499999999999998], "rotation": [[0.5591127790388625, -0.6465502301698253, 0.5190045280946841], [-0.0, -0.6259917732548773, -0.7798296607703594], [0.829091611533635, 0.4360127288102492, -0.35]], "fy": 1492.820323027551, "fx": 1492.820323027551}, {"id": 60, "img_name": "m_8_2", "width": 800, "height": 800, "position": [0.7376435617000542, 2.157169899632956, 1.9499999999999997], "rotation": [[0.935317097083586, 0.25440984585477605, -0.24588118723335145], [7.719997100001684e-17, -0.694951479051079, -0.7190566332109855], [-0.35381058195471393, 0.6725459628135959, -0.6499999999999999]], "fy": 1492.820323027551, "fx": 1492.820323027551}, {"id": 61, "img_name": "m_9_2", "width": 800, "height": 800, "position": [-1.444910586233578, 0.640104208539623, 2.55], "rotation": [[0.8700352710140691, -0.10518821359481381, 0.4816368620778594], [-0.0, -0.9769718864492504, -0.2133680695132077], [0.49298947979797214, 0.1856377461846724, -0.85]], "fy": 1492.820323027551, "fx": 1492.820323027551}, {"id": 62, "img_name": "m_10_2", "width": 800, "height": 800, "position": [0.8878290686080378, 0.2987633594244586, 2.85], "rotation": [[0.9547462537884558, 0.02961955590253923, -0.2959430228693458], [-6.973561010727348e-18, -0.9950287798777712, -0.09958778647481951], [-0.2974215709677256, 0.09508106605991856, -0.9499999999999998]], "fy": 1492.820323027551, "fx": 1492.820323027551}, {"id": 63, "img_name": "m_0_3", "width": 800, "height": 800, "position": [-0.3394545694833677, 0.8730810931734032, -2.85], "rotation": [[-0.9929813666109871, -0.03442002861263492, 0.11315152316112254], [-0.0, -0.9567148306541932, -0.2910270310578011], [0.11827089905541706, -0.2889844190205134, 0.9499999999999998]], "fy": 1492.820323027551, "fx": 1492.820323027551}, {"id": 64, "img_name": "m_1_3", "width": 800, "height": 800, "position": [1.1836248854794085, 1.9484691761672441, -1.9499999999999986], "rotation": [[-0.8548465686055678, 0.3370077855618034, -0.39454162849313584], [-7.300541099905465e-17, -0.7603703680536319, -0.6494897253890816], [-0.5188808573683232, -0.5552140630934288, 0.6499999999999995]], "fy": 1492.820323027551, "fx": 1492.820323027551}, {"id": 65, "img_name": "m_2_3", "width": 800, "height": 800, "position": [-2.159352905045046, 1.58577899830762, -1.35], "rotation": [[-0.5301131369569533, -0.4482082340589826, 0.7197843016816821], [-3.995605522453715e-17, -0.8488753977748363, -0.5285929994358732], [0.8479269202152142, -0.2802140931044358, 0.4500000000000001]], "fy": 1492.820323027551, "fx": 1492.820323027551}, {"id": 66, "img_name": "m_3_3", "width": 800, "height": 800, "position": [2.7938143211592057, 0.30348235349970704, -1.0500000000000007], "rotation": [[-0.35180472663778206, 0.09469392079722554, -0.931271440386402], [-0.0, -0.9948700898506116, -0.10116078449990235], [-0.9360734128877476, -0.035588842137451726, 0.3500000000000002]], "fy": 1492.820323027551, "fx": 1492.820323027551}, {"id": 67, "img_name": "m_4_3", "width": 800, "height": 800, "position": [-0.06128861995073713, 2.9654247090534156, -0.44999999999999957], "rotation": [[-0.990852267877989, -0.13339571633716377, 0.02042953998357905], [3.509898876907672e-18, -0.15138482785253157, -0.9884749030178053], [0.1349510401628891, -0.9794325993956676, 0.14999999999999988]], "fy": 1492.820323027551, "fx": 1492.820323027551}, {"id": 68, "img_name": "m_5_3", "width": 800, "height": 800, "position": [-2.9895506060955004, 0.20021781537622935, 0.14999999999999994], "rotation": [[0.05011172663257169, -0.0666554217842709, 0.9965168686985001], [-8.643406031690926e-19, -0.9977704493522864, -0.06673927179207645], [0.9987436181793113, 0.0033444201437014365, -0.04999999999999998]], "fy": 1492.820323027551, "fx": 1492.820323027551}, {"id": 69, "img_name": "m_6_3", "width": 800, "height": 800, "position": [2.316072898889973, 1.852918327133551, 0.44999999999999946], "rotation": [[0.19072773534045276, 0.6063014198834802, -0.772024299629991], [1.0713989412741585e-17, -0.7864613908000685, -0.6176394423778503], [-0.9816429753081832, 0.11780097210166741, -0.14999999999999983]], "fy": 1492.820323027551, "fx": 1492.820323027551}, {"id": 70, "img_name": "m_7_3", "width": 800, "height": 800, "position": [-1.5570135842840522, 2.339488982311078, 1.0499999999999998], "rotation": [[0.5591127790388625, -0.6465502301698253, 0.5190045280946841], [-0.0, -0.6259917732548773, -0.7798296607703594], [0.829091611533635, 0.4360127288102492, -0.35]], "fy": 1492.820323027551, "fx": 1492.820323027551}, {"id": 71, "img_name": "m_8_3", "width": 800, "height": 800, "position": [0.7376435617000542, 2.157169899632956, 1.9499999999999997], "rotation": [[0.935317097083586, 0.25440984585477605, -0.24588118723335145], [7.719997100001684e-17, -0.694951479051079, -0.7190566332109855], [-0.35381058195471393, 0.6725459628135959, -0.6499999999999999]], "fy": 1492.820323027551, "fx": 1492.820323027551}, {"id": 72, "img_name": "m_9_3", "width": 800, "height": 800, "position": [-1.444910586233578, 0.640104208539623, 2.55], "rotation": [[0.8700352710140691, -0.10518821359481381, 0.4816368620778594], [-0.0, -0.9769718864492504, -0.2133680695132077], [0.49298947979797214, 0.1856377461846724, -0.85]], "fy": 1492.820323027551, "fx": 1492.820323027551}, {"id": 73, "img_name": "m_10_3", "width": 800, "height": 800, "position": [0.8878290686080378, 0.2987633594244586, 2.85], "rotation": [[0.9547462537884558, 0.02961955590253923, -0.2959430228693458], [-6.973561010727348e-18, -0.9950287798777712, -0.09958778647481951], [-0.2974215709677256, 0.09508106605991856, -0.9499999999999998]], "fy": 1492.820323027551, "fx": 1492.820323027551}, {"id": 74, "img_name": "m_0_4", "width": 800, "height": 800, "position": [-0.3394545694833677, 0.8730810931734032, -2.85], "rotation": [[-0.9929813666109871, -0.03442002861263492, 0.11315152316112254], [-0.0, -0.9567148306541932, -0.2910270310578011], [0.11827089905541706, -0.2889844190205134, 0.9499999999999998]], "fy": 1492.820323027551, "fx": 1492.820323027551}, {"id": 75, "img_name": "m_1_4", "width": 800, "height": 800, "position": [1.1836248854794085, 1.9484691761672441, -1.9499999999999986], "rotation": [[-0.8548465686055678, 0.3370077855618034, -0.39454162849313584], [-7.300541099905465e-17, -0.7603703680536319, -0.6494897253890816], [-0.5188808573683232, -0.5552140630934288, 0.6499999999999995]], "fy": 1492.820323027551, "fx": 1492.820323027551}, {"id": 76, "img_name": "m_2_4", "width": 800, "height": 800, "position": [-2.159352905045046, 1.58577899830762, -1.35], "rotation": [[-0.5301131369569533, -0.4482082340589826, 0.7197843016816821], [-3.995605522453715e-17, -0.8488753977748363, -0.5285929994358732], [0.8479269202152142, -0.2802140931044358, 0.4500000000000001]], "fy": 1492.820323027551, "fx": 1492.820323027551}, {"id": 77, "img_name": "m_3_4", "width": 800, "height": 800, "position": [2.7938143211592057, 0.30348235349970704, -1.0500000000000007], "rotation": [[-0.35180472663778206, 0.09469392079722554, -0.931271440386402], [-0.0, -0.9948700898506116, -0.10116078449990235], [-0.9360734128877476, -0.035588842137451726, 0.3500000000000002]], "fy": 1492.820323027551, "fx": 1492.820323027551}, {"id": 78, "img_name": "m_4_4", "width": 800, "height": 800, "position": [-0.06128861995073713, 2.9654247090534156, -0.44999999999999957], "rotation": [[-0.990852267877989, -0.13339571633716377, 0.02042953998357905], [3.509898876907672e-18, -0.15138482785253157, -0.9884749030178053], [0.1349510401628891, -0.9794325993956676, 0.14999999999999988]], "fy": 1492.820323027551, "fx": 1492.820323027551}, {"id": 79, "img_name": "m_5_4", "width": 800, "height": 800, "position": [-2.9895506060955004, 0.20021781537622935, 0.14999999999999994], "rotation": [[0.05011172663257169, -0.0666554217842709, 0.9965168686985001], [-8.643406031690926e-19, -0.9977704493522864, -0.06673927179207645], [0.9987436181793113, 0.0033444201437014365, -0.04999999999999998]], "fy": 1492.820323027551, "fx": 1492.820323027551}, {"id": 80, "img_name": "m_6_4", "width": 800, "height": 800, "position": [2.316072898889973, 1.852918327133551, 0.44999999999999946], "rotation": [[0.19072773534045276, 0.6063014198834802, -0.772024299629991], [1.0713989412741585e-17, -0.7864613908000685, -0.6176394423778503], [-0.9816429753081832, 0.11780097210166741, -0.14999999999999983]], "fy": 1492.820323027551, "fx": 1492.820323027551}, {"id": 81, "img_name": "m_7_4", "width": 800, "height": 800, "position": [-1.5570135842840522, 2.339488982311078, 1.0499999999999998], "rotation": [[0.5591127790388625, -0.6465502301698253, 0.5190045280946841], [-0.0, -0.6259917732548773, -0.7798296607703594], [0.829091611533635, 0.4360127288102492, -0.35]], "fy": 1492.820323027551, "fx": 1492.820323027551}, {"id": 82, "img_name": "m_8_4", "width": 800, "height": 800, "position": [0.7376435617000542, 2.157169899632956, 1.9499999999999997], "rotation": [[0.935317097083586, 0.25440984585477605, -0.24588118723335145], [7.719997100001684e-17, -0.694951479051079, -0.7190566332109855], [-0.35381058195471393, 0.6725459628135959, -0.6499999999999999]], "fy": 1492.820323027551, "fx": 1492.820323027551}, {"id": 83, "img_name": "m_9_4", "width": 800, "height": 800, "position": [-1.444910586233578, 0.640104208539623, 2.55], "rotation": [[0.8700352710140691, -0.10518821359481381, 0.4816368620778594], [-0.0, -0.9769718864492504, -0.2133680695132077], [0.49298947979797214, 0.1856377461846724, -0.85]], "fy": 1492.820323027551, "fx": 1492.820323027551}, {"id": 84, "img_name": "m_10_4", "width": 800, "height": 800, "position": [0.8878290686080378, 0.2987633594244586, 2.85], "rotation": [[0.9547462537884558, 0.02961955590253923, -0.2959430228693458], [-6.973561010727348e-18, -0.9950287798777712, -0.09958778647481951], [-0.2974215709677256, 0.09508106605991856, -0.9499999999999998]], "fy": 1492.820323027551, "fx": 1492.820323027551}, {"id": 85, "img_name": "m_0_5", "width": 800, "height": 800, "position": [-0.3394545694833677, 0.8730810931734032, -2.85], "rotation": [[-0.9929813666109871, -0.03442002861263492, 0.11315152316112254], [-0.0, -0.9567148306541932, -0.2910270310578011], [0.11827089905541706, -0.2889844190205134, 0.9499999999999998]], "fy": 1492.820323027551, "fx": 1492.820323027551}, {"id": 86, "img_name": "m_1_5", "width": 800, "height": 800, "position": [1.1836248854794085, 1.9484691761672441, -1.9499999999999986], "rotation": [[-0.8548465686055678, 0.3370077855618034, -0.39454162849313584], [-7.300541099905465e-17, -0.7603703680536319, -0.6494897253890816], [-0.5188808573683232, -0.5552140630934288, 0.6499999999999995]], "fy": 1492.820323027551, "fx": 1492.820323027551}, {"id": 87, "img_name": "m_2_5", "width": 800, "height": 800, "position": [-2.159352905045046, 1.58577899830762, -1.35], "rotation": [[-0.5301131369569533, -0.4482082340589826, 0.7197843016816821], [-3.995605522453715e-17, -0.8488753977748363, -0.5285929994358732], [0.8479269202152142, -0.2802140931044358, 0.4500000000000001]], "fy": 1492.820323027551, "fx": 1492.820323027551}, {"id": 88, "img_name": "m_3_5", "width": 800, "height": 800, "position": [2.7938143211592057, 0.30348235349970704, -1.0500000000000007], "rotation": [[-0.35180472663778206, 0.09469392079722554, -0.931271440386402], [-0.0, -0.9948700898506116, -0.10116078449990235], [-0.9360734128877476, -0.035588842137451726, 0.3500000000000002]], "fy": 1492.820323027551, "fx": 1492.820323027551}, {"id": 89, "img_name": "m_4_5", "width": 800, "height": 800, "position": [-0.06128861995073713, 2.9654247090534156, -0.44999999999999957], "rotation": [[-0.990852267877989, -0.13339571633716377, 0.02042953998357905], [3.509898876907672e-18, -0.15138482785253157, -0.9884749030178053], [0.1349510401628891, -0.9794325993956676, 0.14999999999999988]], "fy": 1492.820323027551, "fx": 1492.820323027551}, {"id": 90, "img_name": "m_5_5", "width": 800, "height": 800, "position": [-2.9895506060955004, 0.20021781537622935, 0.14999999999999994], "rotation": [[0.05011172663257169, -0.0666554217842709, 0.9965168686985001], [-8.643406031690926e-19, -0.9977704493522864, -0.06673927179207645], [0.9987436181793113, 0.0033444201437014365, -0.04999999999999998]], "fy": 1492.820323027551, "fx": 1492.820323027551}, {"id": 91, "img_name": "m_6_5", "width": 800, "height": 800, "position": [2.316072898889973, 1.852918327133551, 0.44999999999999946], "rotation": [[0.19072773534045276, 0.6063014198834802, -0.772024299629991], [1.0713989412741585e-17, -0.7864613908000685, -0.6176394423778503], [-0.9816429753081832, 0.11780097210166741, -0.14999999999999983]], "fy": 1492.820323027551, "fx": 1492.820323027551}, {"id": 92, "img_name": "m_7_5", "width": 800, "height": 800, "position": [-1.5570135842840522, 2.339488982311078, 1.0499999999999998], "rotation": [[0.5591127790388625, -0.6465502301698253, 0.5190045280946841], [-0.0, -0.6259917732548773, -0.7798296607703594], [0.829091611533635, 0.4360127288102492, -0.35]], "fy": 1492.820323027551, "fx": 1492.820323027551}, {"id": 93, "img_name": "m_8_5", "width": 800, "height": 800, "position": [0.7376435617000542, 2.157169899632956, 1.9499999999999997], "rotation": [[0.935317097083586, 0.25440984585477605, -0.24588118723335145], [7.719997100001684e-17, -0.694951479051079, -0.7190566332109855], [-0.35381058195471393, 0.6725459628135959, -0.6499999999999999]], "fy": 1492.820323027551, "fx": 1492.820323027551}, {"id": 94, "img_name": "m_9_5", "width": 800, "height": 800, "position": [-1.444910586233578, 0.640104208539623, 2.55], "rotation": [[0.8700352710140691, -0.10518821359481381, 0.4816368620778594], [-0.0, -0.9769718864492504, -0.2133680695132077], [0.49298947979797214, 0.1856377461846724, -0.85]], "fy": 1492.820323027551, "fx": 1492.820323027551}, {"id": 95, "img_name": "m_10_5", "width": 800, "height": 800, "position": [0.8878290686080378, 0.2987633594244586, 2.85], "rotation": [[0.9547462537884558, 0.02961955590253923, -0.2959430228693458], [-6.973561010727348e-18, -0.9950287798777712, -0.09958778647481951], [-0.2974215709677256, 0.09508106605991856, -0.9499999999999998]], "fy": 1492.820323027551, "fx": 1492.820323027551}, {"id": 96, "img_name": "m_0_6", "width": 800, "height": 800, "position": [-0.3394545694833677, 0.8730810931734032, -2.85], "rotation": [[-0.9929813666109871, -0.03442002861263492, 0.11315152316112254], [-0.0, -0.9567148306541932, -0.2910270310578011], [0.11827089905541706, -0.2889844190205134, 0.9499999999999998]], "fy": 1492.820323027551, "fx": 1492.820323027551}, {"id": 97, "img_name": "m_1_6", "width": 800, "height": 800, "position": [1.1836248854794085, 1.9484691761672441, -1.9499999999999986], "rotation": [[-0.8548465686055678, 0.3370077855618034, -0.39454162849313584], [-7.300541099905465e-17, -0.7603703680536319, -0.6494897253890816], [-0.5188808573683232, -0.5552140630934288, 0.6499999999999995]], "fy": 1492.820323027551, "fx": 1492.820323027551}, {"id": 98, "img_name": "m_2_6", "width": 800, "height": 800, "position": [-2.159352905045046, 1.58577899830762, -1.35], "rotation": [[-0.5301131369569533, -0.4482082340589826, 0.7197843016816821], [-3.995605522453715e-17, -0.8488753977748363, -0.5285929994358732], [0.8479269202152142, -0.2802140931044358, 0.4500000000000001]], "fy": 1492.820323027551, "fx": 1492.820323027551}, {"id": 99, "img_name": "m_3_6", "width": 800, "height": 800, "position": [2.7938143211592057, 0.30348235349970704, -1.0500000000000007], "rotation": [[-0.35180472663778206, 0.09469392079722554, -0.931271440386402], [-0.0, -0.9948700898506116, -0.10116078449990235], [-0.9360734128877476, -0.035588842137451726, 0.3500000000000002]], "fy": 1492.820323027551, "fx": 1492.820323027551}, {"id": 100, "img_name": "m_4_6", "width": 800, "height": 800, "position": [-0.06128861995073713, 2.9654247090534156, -0.44999999999999957], "rotation": [[-0.990852267877989, -0.13339571633716377, 0.02042953998357905], [3.509898876907672e-18, -0.15138482785253157, -0.9884749030178053], [0.1349510401628891, -0.9794325993956676, 0.14999999999999988]], "fy": 1492.820323027551, "fx": 1492.820323027551}, {"id": 101, "img_name": "m_5_6", "width": 800, "height": 800, "position": [-2.9895506060955004, 0.20021781537622935, 0.14999999999999994], "rotation": [[0.05011172663257169, -0.0666554217842709, 0.9965168686985001], [-8.643406031690926e-19, -0.9977704493522864, -0.06673927179207645], [0.9987436181793113, 0.0033444201437014365, -0.04999999999999998]], "fy": 1492.820323027551, "fx": 1492.820323027551}, {"id": 102, "img_name": "m_6_6", "width": 800, "height": 800, "position": [2.316072898889973, 1.852918327133551, 0.44999999999999946], "rotation": [[0.19072773534045276, 0.6063014198834802, -0.772024299629991], [1.0713989412741585e-17, -0.7864613908000685, -0.6176394423778503], [-0.9816429753081832, 0.11780097210166741, -0.14999999999999983]], "fy": 1492.820323027551, "fx": 1492.820323027551}, {"id": 103, "img_name": "m_7_6", "width": 800, "height": 800, "position": [-1.5570135842840522, 2.339488982311078, 1.0499999999999998], "rotation": [[0.5591127790388625, -0.6465502301698253, 0.5190045280946841], [-0.0, -0.6259917732548773, -0.7798296607703594], [0.829091611533635, 0.4360127288102492, -0.35]], "fy": 1492.820323027551, "fx": 1492.820323027551}, {"id": 104, "img_name": "m_8_6", "width": 800, "height": 800, "position": [0.7376435617000542, 2.157169899632956, 1.9499999999999997], "rotation": [[0.935317097083586, 0.25440984585477605, -0.24588118723335145], [7.719997100001684e-17, -0.694951479051079, -0.7190566332109855], [-0.35381058195471393, 0.6725459628135959, -0.6499999999999999]], "fy": 1492.820323027551, "fx": 1492.820323027551}, {"id": 105, "img_name": "m_9_6", "width": 800, "height": 800, "position": [-1.444910586233578, 0.640104208539623, 2.55], "rotation": [[0.87003527